Date,Open,High,Low,Close,Volume
2-Aug-02,26.31,26.39,25.30,25.50,3302800
1-Aug-02,26.95,27.20,25.95,26.29,4413400
31-Jul-02,26.00,27.37,25.11,27.05,6023600
30-Jul-02,26.75,27.04,25.72,25.98,4218500
29-Jul-02,25.80,27.44,25.74,27.19,4925200
26-Jul-02,24.51,25.52,24.38,25.45,4601600
25-Jul-02,24.56,25.68,23.76,24.06,6471900
24-Jul-02,22.77,24.97,22.62,24.80,8155200
23-Jul-02,24.96,25.70,23.56,23.66,6252900
22-Jul-02,26.05,26.25,24.36,24.71,8373400
19-Jul-02,28.07,28.07,26.25,26.84,5986600
18-Jul-02,28.73,29.31,28.06,28.07,2946100
17-Jul-02,29.43,29.77,28.43,28.69,2974700
16-Jul-02,28.60,29.42,28.04,28.59,4713000
15-Jul-02,29.53,29.55,27.62,29.03,4861000
12-Jul-02,30.37,30.82,29.44,29.95,2992700
11-Jul-02,30.32,31.07,29.75,30.19,4592000
10-Jul-02,32.02,32.02,30.05,30.23,6384700
9-Jul-02,32.31,32.71,31.78,31.78,3329600
8-Jul-02,32.56,33.06,32.31,32.31,4074800
5-Jul-02,32.46,33.33,32.41,33.19,2181400
3-Jul-02,32.31,32.41,31.62,32.26,4184900
2-Jul-02,32.81,32.90,32.07,32.07,5021300
1-Jul-02,33.21,33.61,32.71,32.81,5783300
28-Jun-02,31.80,33.11,31.80,32.96,5775000
27-Jun-02,31.57,31.81,30.96,31.80,4252200
26-Jun-02,30.42,31.37,30.28,31.17,4300000
25-Jun-02,31.32,31.70,30.87,30.96,4439300
24-Jun-02,30.32,31.04,30.24,30.62,4074800
21-Jun-02,30.37,30.91,30.00,30.37,4701600
20-Jun-02,31.32,31.52,30.97,31.02,4063600
19-Jun-02,31.67,32.54,31.12,31.13,3616000
18-Jun-02,31.32,31.86,31.30,31.82,3335700
17-Jun-02,30.83,31.54,30.23,31.40,5114400
14-Jun-02,31.57,31.67,30.83,31.19,3029600
13-Jun-02,31.82,32.21,31.62,31.74,3202400
12-Jun-02,31.02,31.94,30.92,31.87,3852400
11-Jun-02,32.06,32.29,31.17,31.20,4550400
10-Jun-02,31.77,32.19,31.41,31.77,3647400
7-Jun-02,31.32,31.91,31.32,31.62,5177600
6-Jun-02,32.96,33.15,31.85,31.92,4926900
5-Jun-02,33.41,33.52,32.66,33.21,3638200
4-Jun-02,33.79,33.79,32.31,33.23,4645000
3-Jun-02,34.93,35.08,33.78,33.79,3130000
31-May-02,35.10,35.23,34.52,34.78,2957700
30-May-02,34.90,35.30,34.29,34.95,3238300
29-May-02,35.20,35.40,34.72,35.10,1943000
28-May-02,35.73,35.73,34.90,35.20,1801600
24-May-02,35.74,35.78,35.35,35.38,1666600
23-May-02,35.50,35.88,35.26,35.69,2253200
22-May-02,35.40,35.40,34.85,35.25,2122700
21-May-02,35.19,35.58,35.04,35.40,3058700
20-May-02,35.30,35.30,34.90,35.18,3033500
17-May-02,35.64,35.64,34.99,35.46,3267000
16-May-02,36.02,36.29,35.57,35.64,2583000
15-May-02,36.04,36.64,35.75,35.86,3368300
14-May-02,35.54,36.19,35.40,36.04,2571400
13-May-02,34.94,35.24,34.40,35.15,2113700
10-May-02,34.85,35.03,34.64,34.79,1960400
9-May-02,34.80,35.15,34.61,34.70,2148300
8-May-02,35.15,35.35,34.72,34.80,3636900
7-May-02,33.90,34.53,33.83,34.23,3360900
6-May-02,34.48,34.55,33.68,33.90,2800400
3-May-02,34.23,34.65,33.99,34.47,3289100
2-May-02,33.80,34.25,33.51,34.23,2765500
1-May-02,33.80,34.45,33.02,33.80,3938600
30-Apr-02,32.86,33.89,32.86,33.69,5374100
29-Apr-02,34.20,34.29,33.04,33.56,4048000
26-Apr-02,34.65,34.95,34.10,34.29,2850300
25-Apr-02,33.93,34.60,33.68,34.57,4697600
24-Apr-02,35.34,35.54,34.29,34.64,3682000
23-Apr-02,35.35,35.60,35.01,35.32,3680900
22-Apr-02,37.02,37.03,35.19,35.35,3829000
19-Apr-02,37.32,37.40,36.83,37.10,2743200
18-Apr-02,37.17,37.40,36.74,37.06,3176200
17-Apr-02,37.62,37.62,36.92,37.28,3357800
16-Apr-02,37.12,37.36,36.80,37.20,3657500
15-Apr-02,36.74,36.78,36.34,36.34,4362000
12-Apr-02,37.66,37.90,36.88,36.95,2510600
11-Apr-02,37.96,38.69,36.97,37.62,3435100
10-Apr-02,37.06,38.16,37.03,37.96,3347700
9-Apr-02,37.47,37.50,36.73,37.00,2915300
8-Apr-02,36.79,37.56,36.50,37.48,3091100
5-Apr-02,36.92,37.71,36.91,37.62,4784600
4-Apr-02,36.25,36.62,35.69,36.51,4196000
3-Apr-02,37.62,37.77,36.58,36.87,3714100
2-Apr-02,37.15,37.63,36.80,37.53,3212700
1-Apr-02,37.36,37.43,36.53,37.26,2135800
28-Mar-02,37.59,37.73,37.36,37.36,2689900
27-Mar-02,37.57,37.71,37.21,37.41,3065800
26-Mar-02,36.38,37.57,36.33,37.46,3807100
25-Mar-02,36.92,37.21,36.33,36.38,2645700
22-Mar-02,37.36,37.43,36.23,36.68,4372900
21-Mar-02,37.81,37.86,36.92,37.36,3037600
20-Mar-02,38.36,38.37,37.81,37.86,2493300
19-Mar-02,38.80,38.90,38.11,38.40,3275700
18-Mar-02,38.88,39.10,38.12,38.60,2435100
15-Mar-02,38.26,38.68,37.94,38.63,4394800
14-Mar-02,37.91,38.51,37.72,38.10,2650700
13-Mar-02,38.11,38.46,37.86,37.96,3241400
12-Mar-02,37.62,38.85,37.40,38.53,3316700
11-Mar-02,38.06,38.10,37.47,37.86,4195800
8-Mar-02,39.10,39.35,37.42,37.89,6247500
7-Mar-02,39.20,39.23,38.23,38.88,3847800
6-Mar-02,37.92,39.30,37.92,39.04,3435000
5-Mar-02,39.15,39.15,37.96,38.04,4101000
4-Mar-02,37.61,39.30,37.58,39.16,5196400
1-Mar-02,36.94,37.54,36.21,37.54,4788700
28-Feb-02,37.57,37.91,37.18,37.19,5268800
27-Feb-02,37.32,38.12,37.21,37.47,4593900
26-Feb-02,37.65,37.71,36.79,37.12,3716200
25-Feb-02,37.42,37.98,37.18,37.65,4639500
22-Feb-02,37.11,38.11,36.71,37.42,4461600
21-Feb-02,36.58,37.62,36.43,37.10,5444800
20-Feb-02,35.54,36.51,35.49,36.24,3639500
19-Feb-02,36.18,36.24,34.89,34.89,2822700
15-Feb-02,36.23,37.08,35.91,36.03,3438000
14-Feb-02,36.47,36.49,35.54,35.87,3522600
13-Feb-02,35.54,36.32,35.29,35.92,2998400
12-Feb-02,35.15,35.71,34.75,35.15,2548800
11-Feb-02,33.80,35.64,33.71,35.37,3249000
8-Feb-02,33.46,34.13,33.32,34.07,3294900
7-Feb-02,33.68,34.05,33.19,33.21,2780500
6-Feb-02,33.41,34.35,33.11,33.35,3981100
5-Feb-02,33.49,34.24,32.90,32.95,3614100
4-Feb-02,34.64,34.64,33.15,33.32,4350000
1-Feb-02,35.33,35.38,34.45,34.64,3443800
31-Jan-02,34.11,35.48,33.77,35.33,4882700
30-Jan-02,34.39,34.64,33.26,33.75,5174700
29-Jan-02,35.08,35.79,34.24,34.25,3004400
28-Jan-02,35.38,35.92,35.26,35.28,2705900
25-Jan-02,34.49,35.63,34.40,35.01,3088700
24-Jan-02,34.98,35.28,34.49,34.71,4615900
23-Jan-02,34.15,34.84,34.10,34.49,6378600
22-Jan-02,33.51,33.85,33.34,33.46,4333500
18-Jan-02,33.49,33.52,33.11,33.21,3810400
17-Jan-02,33.58,33.69,32.85,33.28,3494100
16-Jan-02,34.12,34.34,33.11,33.11,3273800
15-Jan-02,34.29,35.23,34.02,34.02,4125600
14-Jan-02,34.50,35.01,34.40,34.49,3671100
11-Jan-02,35.46,35.94,35.08,35.13,3997800
10-Jan-02,36.21,36.21,35.38,35.38,3474500
9-Jan-02,36.75,37.52,35.76,35.97,3876700
8-Jan-02,37.94,37.94,36.56,36.80,3986300
7-Jan-02,37.25,38.02,37.22,37.60,4685700
4-Jan-02,36.21,37.29,35.97,36.76,4356500
3-Jan-02,35.41,35.91,35.23,35.61,3440500
2-Jan-02,35.38,35.39,34.84,35.16,2593500
31-Dec-01,35.67,35.77,35.03,35.03,2018900
28-Dec-01,35.38,35.92,35.24,35.62,2347400
27-Dec-01,34.65,35.33,34.64,34.93,2472500
26-Dec-01,33.94,34.96,33.94,34.64,2395200
24-Dec-01,33.81,34.46,33.60,33.94,1344800
21-Dec-01,34.49,34.55,33.50,33.71,6273500
20-Dec-01,34.86,35.13,34.02,34.41,4141200
19-Dec-01,33.80,36.06,33.75,34.86,12518100
18-Dec-01,36.41,37.15,36.31,37.11,3449500
17-Dec-01,36.64,37.02,35.72,35.98,3454700
14-Dec-01,35.87,36.71,35.04,36.48,3015300
13-Dec-01,37.28,37.28,35.55,35.74,3686300
12-Dec-01,38.33,38.34,36.57,37.27,3209500
11-Dec-01,37.70,38.21,37.20,37.97,2494500
10-Dec-01,38.38,38.50,37.48,37.95,1890700
7-Dec-01,38.98,38.98,38.02,38.28,2395200
6-Dec-01,39.42,39.48,38.70,38.97,4231700
5-Dec-01,38.04,39.91,37.87,39.37,5308100
4-Dec-01,37.35,37.58,36.76,37.55,3131300
3-Dec-01,38.04,38.05,36.71,37.30,2687300
30-Nov-01,37.45,38.23,37.35,38.04,2909700
29-Nov-01,37.30,38.04,36.95,37.45,2818700
28-Nov-01,37.46,37.69,37.15,37.38,2062300
27-Nov-01,37.70,38.18,37.35,37.72,2716700
26-Nov-01,38.09,38.21,37.30,37.70,3116900
23-Nov-01,37.40,38.23,37.30,38.23,1798500
21-Nov-01,37.29,38.32,37.05,37.24,2626500
20-Nov-01,37.64,37.68,36.91,37.29,3406900
19-Nov-01,37.15,38.04,36.96,37.93,3618500
16-Nov-01,37.35,37.40,36.45,36.58,3999900
15-Nov-01,37.25,37.42,36.68,36.95,4068900
14-Nov-01,36.59,37.24,36.46,37.05,3462600
13-Nov-01,34.48,35.93,34.48,35.77,3327500
12-Nov-01,34.40,34.57,33.60,34.18,2319900
9-Nov-01,34.12,34.49,33.60,34.48,1795100
8-Nov-01,34.14,34.72,33.91,34.12,2609000
7-Nov-01,33.11,34.29,33.11,33.89,2525000
6-Nov-01,32.91,33.59,32.53,33.51,2150400
5-Nov-01,33.09,33.36,32.57,32.73,2797400
2-Nov-01,32.47,32.87,32.03,32.78,2104500
1-Nov-01,32.27,32.41,30.89,32.25,3661700
31-Oct-01,32.52,32.67,31.73,31.80,3578200
30-Oct-01,32.86,32.87,32.28,32.54,2681100
29-Oct-01,33.97,34.19,33.17,33.40,2811100
26-Oct-01,33.40,34.57,33.40,34.22,2147000
25-Oct-01,33.16,34.19,32.47,34.15,3161100
24-Oct-01,33.21,33.68,32.93,33.32,2296400
23-Oct-01,32.23,33.58,32.18,33.11,2762600
22-Oct-01,31.06,32.32,30.93,32.21,2591800
19-Oct-01,31.41,31.53,30.70,31.07,2984200
18-Oct-01,31.20,31.58,31.02,31.29,3259600
17-Oct-01,32.81,32.82,31.39,31.42,4098900
16-Oct-01,31.39,32.33,31.16,32.19,2600300
15-Oct-01,30.66,31.69,30.56,31.39,2864000
12-Oct-01,31.59,32.54,31.00,31.71,3386800
11-Oct-01,31.44,32.63,31.39,32.10,5885900
10-Oct-01,31.15,31.84,31.01,31.20,5543400
9-Oct-01,30.02,31.57,29.82,31.01,3168300
8-Oct-01,30.93,31.15,29.25,29.49,3130800
5-Oct-01,30.51,31.14,30.26,30.94,2898800
4-Oct-01,32.27,32.27,30.06,30.23,4893000
3-Oct-01,30.70,31.76,30.21,31.48,4858100
2-Oct-01,30.58,31.34,29.87,31.34,3713500
1-Oct-01,30.42,30.42,29.43,30.34,3028600
28-Sep-01,29.67,30.46,28.64,30.42,3877900
27-Sep-01,28.69,29.67,28.16,29.67,4266800
26-Sep-01,29.71,29.88,27.71,28.49,5185200
25-Sep-01,29.43,30.02,28.55,29.47,3703200
24-Sep-01,27.76,29.63,27.76,29.63,5251600
21-Sep-01,27.52,28.20,26.84,27.76,8672600
20-Sep-01,29.38,29.38,27.48,28.07,6878600
19-Sep-01,29.64,30.05,28.45,29.92,5654900
18-Sep-01,30.31,30.84,29.23,29.63,8292600
17-Sep-01,31.78,31.88,29.25,29.51,8813400
10-Sep-01,34.09,34.24,32.62,33.16,7821900
7-Sep-01,35.51,35.91,34.59,34.78,3867600
6-Sep-01,37.02,37.28,36.22,36.32,3063700
5-Sep-01,37.56,38.06,36.85,37.27,3003200
4-Sep-01,36.79,38.27,36.54,37.81,3470800
31-Aug-01,36.64,37.67,36.50,37.40,2231100
30-Aug-01,37.38,37.38,36.30,36.78,2953500
29-Aug-01,38.26,38.59,37.08,37.28,2550300
28-Aug-01,38.33,38.43,37.58,38.04,2078100
27-Aug-01,38.90,38.90,38.28,38.33,1939300
24-Aug-01,37.52,38.80,37.41,38.50,2659600
23-Aug-01,37.03,37.73,37.03,37.31,1959700
22-Aug-01,36.73,37.88,36.64,37.43,2322100
21-Aug-01,37.28,37.77,36.61,36.69,3344600
20-Aug-01,36.20,37.08,35.87,37.08,3695300
17-Aug-01,35.66,36.22,35.56,35.99,3992400
16-Aug-01,35.39,35.87,35.16,35.60,2312100
15-Aug-01,36.26,36.72,35.36,35.39,2338000
14-Aug-01,36.42,36.44,35.80,36.21,2688400
13-Aug-01,36.30,36.76,35.83,36.42,2114800
10-Aug-01,35.40,36.63,34.50,36.31,2577500
9-Aug-01,35.41,35.46,34.82,35.21,3040300
8-Aug-01,36.25,36.59,35.32,35.33,2389500
7-Aug-01,36.44,36.59,35.81,36.30,2582400
6-Aug-01,36.86,36.88,36.00,36.33,3120100
3-Aug-01,37.13,37.22,36.32,37.05,2906900
2-Aug-01,38.15,38.16,36.27,37.13,4674600
1-Aug-01,38.34,38.55,37.54,37.68,1921500
31-Jul-01,38.31,39.09,38.11,38.34,3188800
30-Jul-01,37.38,38.45,37.20,38.16,3266000
27-Jul-01,38.45,38.70,37.42,37.71,2619200
26-Jul-01,37.48,38.66,37.24,38.64,2764300
25-Jul-01,36.30,38.18,36.16,38.17,3662100
24-Jul-01,38.21,38.22,35.77,36.38,4222100
23-Jul-01,39.58,39.58,38.46,38.65,1874700
20-Jul-01,39.68,40.01,38.90,39.17,2673700
19-Jul-01,39.97,41.04,39.09,39.58,3176900
18-Jul-01,37.48,40.21,37.48,39.97,4237800
17-Jul-01,38.45,38.85,37.89,38.49,4258100
16-Jul-01,39.97,40.07,38.54,38.77,4287800
13-Jul-01,39.80,40.90,39.77,40.52,3662200
12-Jul-01,38.70,39.82,38.08,39.80,2941700
11-Jul-01,38.60,38.94,37.58,38.03,4869800
10-Jul-01,39.45,39.57,38.38,38.60,2561400
9-Jul-01,38.84,39.53,38.41,39.45,3364200
6-Jul-01,40.56,40.85,38.70,38.89,4447200
5-Jul-01,39.33,40.07,38.94,39.85,3091300
3-Jul-01,39.56,39.67,39.10,39.33,1256600
2-Jul-01,38.80,39.94,38.75,39.56,2449300
29-Jun-01,39.24,39.68,38.50,39.09,2916100
28-Jun-01,38.55,39.58,38.43,39.09,3951300
27-Jun-01,37.13,38.23,36.96,37.58,2766200
26-Jun-01,36.26,37.78,35.67,37.24,5180600
25-Jun-01,37.48,38.06,36.99,37.13,3003500
22-Jun-01,39.04,39.04,37.99,38.21,2479000
21-Jun-01,38.50,39.14,37.76,38.78,4831100
20-Jun-01,36.74,37.47,36.56,37.21,4069500
19-Jun-01,37.18,37.61,36.35,36.74,4433500
18-Jun-01,38.10,38.35,37.09,37.13,4534400
15-Jun-01,38.94,38.94,37.98,38.08,5317600
14-Jun-01,40.36,40.37,38.11,38.33,2962500
13-Jun-01,39.77,40.44,39.09,39.39,3995600
12-Jun-01,39.58,40.07,38.86,39.58,5904700
11-Jun-01,42.05,42.05,40.60,41.18,2115900
8-Jun-01,42.49,42.49,41.25,42.05,1475200
7-Jun-01,42.22,43.43,42.21,42.54,3380300
6-Jun-01,43.95,43.96,42.52,42.99,2830900
5-Jun-01,43.00,43.96,42.42,43.82,3647300
4-Jun-01,42.70,42.96,42.31,42.75,2423800
1-Jun-01,42.51,43.11,41.69,42.53,3424900
31-May-01,41.40,42.59,41.39,42.17,2776500
30-May-01,42.50,42.62,41.16,41.40,2937400
29-May-01,42.85,43.00,42.12,42.47,3184000
25-May-01,41.89,42.39,41.54,42.18,2571800
24-May-01,42.75,42.80,41.42,41.54,3511500
23-May-01,42.70,43.05,42.44,42.59,3688500
22-May-01,44.37,44.37,42.51,42.61,4113300
21-May-01,43.63,44.60,42.96,44.33,4080700
18-May-01,43.88,44.24,42.90,43.93,4180400
17-May-01,43.58,44.67,43.49,43.74,8758900
16-May-01,41.13,43.53,40.85,43.50,8372000
15-May-01,40.36,41.26,40.12,41.04,4125800
14-May-01,39.35,40.36,39.10,40.36,3181400
11-May-01,40.60,40.60,38.95,39.35,3830800
10-May-01,40.57,41.04,40.55,40.96,3791900
9-May-01,39.46,40.54,39.33,40.44,2684700
8-May-01,40.21,40.26,39.18,39.42,2468800
7-May-01,40.95,40.95,39.58,40.07,2264100
4-May-01,39.77,40.95,39.33,40.95,2387300
3-May-01,40.62,40.62,39.36,39.96,2738600
2-May-01,40.95,40.95,39.71,40.39,2928700
1-May-01,40.17,40.55,39.92,40.41,2771700
30-Apr-01,40.90,41.28,39.87,40.31,3381900
27-Apr-01,41.38,41.38,40.41,40.89,3417400
26-Apr-01,39.24,41.18,39.20,40.97,5195500
25-Apr-01,38.95,39.43,38.22,39.42,3707600
24-Apr-01,39.34,39.61,38.54,38.91,3698100
23-Apr-01,39.78,39.80,38.85,39.36,4651200
20-Apr-01,38.46,40.31,38.36,39.29,8667700
19-Apr-01,38.51,38.70,37.73,38.40,3938100
18-Apr-01,37.39,38.69,37.24,38.56,8348800
17-Apr-01,37.97,37.97,36.76,37.18,3923200
16-Apr-01,38.22,38.56,37.69,37.97,3436000
12-Apr-01,38.02,38.12,37.62,37.96,4375600
11-Apr-01,38.51,38.65,37.73,37.98,6328000
10-Apr-01,37.97,38.93,37.73,38.22,11089300
9-Apr-01,35.78,36.96,35.66,36.51,3585900
6-Apr-01,36.51,36.51,34.94,35.44,4030200
5-Apr-01,35.35,36.51,35.24,36.51,5175800
4-Apr-01,33.35,35.00,32.92,34.61,3386500
3-Apr-01,34.38,34.38,32.86,33.54,2757800
2-Apr-01,34.66,35.44,33.88,34.38,4365500
30-Mar-01,34.81,35.00,33.88,35.00,3375000
29-Mar-01,33.84,34.72,33.59,34.13,2108800
28-Mar-01,34.87,34.87,32.91,34.13,2841800
27-Mar-01,34.06,34.98,33.35,34.87,4017000
26-Mar-01,33.01,33.49,32.51,33.11,3307000
23-Mar-01,32.86,33.25,32.20,32.74,3572800
22-Mar-01,33.11,33.35,31.18,32.46,5622900
21-Mar-01,34.71,34.81,33.57,33.73,4496200
20-Mar-01,35.44,36.51,35.05,35.33,4007400
19-Mar-01,34.27,35.14,34.13,34.98,3123300
16-Mar-01,34.11,34.31,33.37,34.07,6487700
15-Mar-01,35.54,35.69,34.57,34.83,5082400
14-Mar-01,34.66,35.32,34.26,34.61,4297500
13-Mar-01,35.61,36.61,34.44,36.08,3871800
12-Mar-01,35.53,36.12,34.96,35.04,4094800
9-Mar-01,38.07,38.16,35.96,36.03,4616400
8-Mar-01,37.98,38.54,37.51,37.97,4695900
7-Mar-01,37.34,38.36,36.82,38.26,4454100
6-Mar-01,36.66,37.27,36.61,36.99,3832400
5-Mar-01,36.76,37.44,36.40,37.08,4182600
2-Mar-01,35.54,36.79,35.30,36.03,3281000
1-Mar-01,34.90,35.52,34.40,35.52,2886500
28-Feb-01,35.49,35.52,34.40,34.82,2312900
27-Feb-01,35.46,35.53,34.27,35.30,5194000
26-Feb-01,33.97,35.05,33.85,35.05,3724600
23-Feb-01,34.08,34.52,33.35,33.78,2910000
22-Feb-01,33.59,34.53,33.25,34.42,3564800
21-Feb-01,34.37,34.43,33.17,33.42,2854000
20-Feb-01,34.71,35.20,33.74,34.27,3570200
16-Feb-01,35.20,35.36,33.79,34.08,4718900
15-Feb-01,34.57,35.64,34.57,35.42,4543000
14-Feb-01,34.71,34.98,34.36,34.56,3154100
13-Feb-01,35.38,35.59,34.50,34.76,2843500
12-Feb-01,36.06,36.06,34.96,35.53,3017300
9-Feb-01,36.03,36.37,35.30,36.12,3180800
8-Feb-01,36.01,36.21,35.56,36.03,3252500
7-Feb-01,36.50,36.76,35.51,35.83,2885700
6-Feb-01,36.15,36.53,35.93,36.26,3158400
5-Feb-01,36.42,36.50,35.44,35.91,3397700
2-Feb-01,37.00,37.44,36.33,36.56,6616500
1-Feb-01,36.07,37.20,36.03,37.00,7087200
31-Jan-01,34.54,35.78,34.43,35.77,5611300
30-Jan-01,33.05,34.42,32.78,34.34,3445300
29-Jan-01,33.26,33.32,32.48,32.98,3297500
26-Jan-01,34.42,34.54,33.33,33.51,2930100
25-Jan-01,33.33,34.48,33.33,34.36,3290700
24-Jan-01,33.21,33.69,32.97,33.51,2813300
23-Jan-01,32.54,33.15,32.36,32.90,3472300
22-Jan-01,31.69,32.54,30.84,32.54,2404500
19-Jan-01,32.78,33.03,31.39,31.69,2609800
18-Jan-01,32.97,33.75,32.30,33.39,3190800
17-Jan-01,33.15,33.15,31.81,32.54,3380300
16-Jan-01,31.09,32.54,30.36,32.54,2731000
12-Jan-01,30.91,31.33,29.69,30.84,3560700
11-Jan-01,32.18,32.18,30.30,30.54,3490000
10-Jan-01,31.81,32.12,31.09,31.75,4097200
9-Jan-01,32.72,33.09,31.03,31.39,5313400
8-Jan-01,33.21,34.66,31.87,32.60,7385900
5-Jan-01,32.84,32.97,31.81,32.12,3902100
4-Jan-01,31.51,32.78,31.33,32.72,4787900
3-Jan-01,31.21,32.48,30.36,31.69,4834800
2-Jan-01,32.00,32.66,30.91,31.27,3825600
29-Dec-00,33.15,33.45,32.36,32.48,2479900
28-Dec-00,33.39,33.69,32.36,33.57,2695300
27-Dec-00,33.45,33.63,32.60,33.15,3147000
26-Dec-00,33.75,33.75,32.72,33.51,2474400
22-Dec-00,31.51,33.94,31.09,33.75,4193700
21-Dec-00,30.42,30.91,30.06,30.78,3471000
20-Dec-00,32.00,32.06,30.06,30.48,4410000
19-Dec-00,31.27,33.03,31.21,32.48,4977000
18-Dec-00,30.78,31.69,30.06,31.33,3011400
15-Dec-00,30.24,30.66,29.21,30.00,4674900
14-Dec-00,30.84,31.27,30.30,30.78,2588800
13-Dec-00,30.60,31.75,30.36,31.69,3862900
12-Dec-00,31.03,31.39,29.63,30.66,5017800
11-Dec-00,30.42,31.33,29.33,31.21,3979600
8-Dec-00,28.54,29.69,28.12,29.63,3485900
7-Dec-00,29.69,29.75,27.88,28.30,4313000
6-Dec-00,30.54,30.72,29.81,30.36,3917500
5-Dec-00,29.57,30.60,28.78,30.54,6373800
4-Dec-00,28.54,30.30,28.24,30.06,6693600
1-Dec-00,27.63,28.30,27.45,28.12,3083900
30-Nov-00,26.42,27.33,26.24,27.33,3898200
29-Nov-00,26.42,27.09,26.36,27.03,2525300
28-Nov-00,26.30,27.15,26.00,26.97,2668900
27-Nov-00,25.51,26.78,25.45,26.06,4346600
24-Nov-00,25.75,25.75,25.09,25.33,810500
22-Nov-00,25.45,25.63,25.09,25.33,1757300
21-Nov-00,25.63,25.75,25.09,25.45,2432500
20-Nov-00,26.42,26.54,25.39,25.39,3036800
17-Nov-00,27.15,27.75,26.12,26.18,2298100
16-Nov-00,28.36,28.36,26.72,27.09,2088200
15-Nov-00,28.12,28.66,28.00,28.36,3786400
14-Nov-00,27.57,28.06,27.27,28.00,1806300
13-Nov-00,26.78,27.51,26.72,27.33,2795400
10-Nov-00,28.00,28.00,26.97,27.57,1960100
9-Nov-00,27.94,28.54,27.27,27.69,3032500
8-Nov-00,28.18,28.24,27.75,28.06,3300200
7-Nov-00,27.57,28.24,27.45,28.12,2623000
6-Nov-00,27.03,28.24,26.85,27.94,2466700
3-Nov-00,26.66,26.78,25.88,26.78,2191000
2-Nov-00,28.12,28.12,26.54,26.91,3371900
1-Nov-00,27.94,28.42,27.69,28.18,4193200
31-Oct-00,27.51,28.06,27.09,27.69,5926100
30-Oct-00,24.13,27.57,24.13,27.27,6866400
27-Oct-00,23.89,24.13,23.35,24.13,4008100
26-Oct-00,23.95,24.31,23.59,23.89,4206700
25-Oct-00,23.23,24.38,23.23,24.07,6333500
24-Oct-00,23.65,24.62,23.29,24.07,4130200
23-Oct-00,22.99,23.65,22.87,23.17,4056100
20-Oct-00,23.29,23.77,22.32,22.75,4542100
19-Oct-00,23.47,24.13,23.29,23.47,3867600
18-Oct-00,24.13,24.74,23.47,23.83,3840900
17-Oct-00,24.50,25.40,24.50,25.10,3550700
16-Oct-00,25.22,25.22,24.19,24.38,3163300
13-Oct-00,25.04,25.34,24.31,24.92,2911500
12-Oct-00,26.43,26.55,24.86,25.04,2914100
11-Oct-00,28.00,28.42,26.00,26.25,4524200
10-Oct-00,27.51,28.60,27.15,28.60,5068500
9-Oct-00,26.37,27.69,26.37,27.63,2839000
6-Oct-00,25.58,26.67,25.58,26.61,4484500
5-Oct-00,26.43,26.61,25.34,26.19,3803200
4-Oct-00,26.00,26.73,25.34,26.31,7096900
3-Oct-00,23.89,26.00,23.71,26.00,5312300
2-Oct-00,24.31,24.68,23.41,23.65,3354900
29-Sep-00,23.47,24.62,22.50,24.44,4435500
28-Sep-00,22.81,23.71,22.75,23.53,5581100
27-Sep-00,23.17,23.47,22.44,22.69,6941500
26-Sep-00,23.17,23.53,22.93,23.05,6498500
25-Sep-00,23.05,23.59,22.75,22.93,7164600
22-Sep-00,23.53,24.13,22.69,24.13,9012500
21-Sep-00,24.31,24.56,23.29,23.41,6317100
20-Sep-00,25.04,25.58,23.95,24.31,9768200
19-Sep-00,25.94,25.94,24.38,24.92,12114900
18-Sep-00,27.87,28.12,24.62,26.06,3524900
15-Sep-00,28.36,28.36,27.39,27.60,3678500
14-Sep-00,29.32,29.32,28.18,28.54,2636100
13-Sep-00,28.96,29.38,28.42,29.38,4860400
12-Sep-00,30.29,30.35,28.96,29.20,4388700
11-Sep-00,31.80,31.98,30.29,31.06,2775300
8-Sep-00,31.43,32.16,31.19,32.10,1872100
7-Sep-00,32.58,32.58,31.55,31.62,2215400
6-Sep-00,32.64,32.94,32.16,32.52,2640900
5-Sep-00,31.86,33.30,31.86,32.64,2178400
1-Sep-00,32.70,32.76,31.74,32.04,1439400
31-Aug-00,31.74,32.64,31.68,32.11,2460300
30-Aug-00,31.62,32.16,31.37,31.55,1662200
29-Aug-00,32.82,32.82,31.37,31.49,1989100
28-Aug-00,32.52,32.94,32.10,32.88,2451200
25-Aug-00,32.40,32.46,31.92,32.22,1324000
24-Aug-00,32.40,33.00,31.98,32.04,2911900
23-Aug-00,32.10,32.34,31.62,32.28,2097100
22-Aug-00,31.13,31.86,31.07,31.62,2606800
21-Aug-00,32.82,32.88,31.92,31.92,2004700
18-Aug-00,33.12,33.12,32.52,33.06,2456800
17-Aug-00,33.24,33.36,32.70,33.36,2449000
16-Aug-00,33.18,33.79,32.88,33.24,3771200
15-Aug-00,33.00,33.24,32.58,33.06,2685200
14-Aug-00,31.49,33.00,31.49,32.94,2056300
11-Aug-00,31.86,32.28,30.89,32.16,2279100
10-Aug-00,32.70,32.82,31.86,32.40,2059200
9-Aug-00,33.36,33.73,32.28,32.34,3980900
8-Aug-00,31.37,33.67,31.25,33.43,4225300
7-Aug-00,29.99,31.43,29.99,31.25,1711800
4-Aug-00,29.99,30.65,29.74,30.11,1615700
3-Aug-00,29.87,31.13,29.87,30.17,1875300
2-Aug-00,29.93,30.77,29.62,30.71,2189000
1-Aug-00,29.38,30.23,29.38,29.87,2233200
31-Jul-00,29.26,30.35,28.90,29.08,2588800
28-Jul-00,30.59,30.89,28.42,29.81,3548600
27-Jul-00,29.69,30.47,29.50,30.29,1359500
26-Jul-00,30.11,30.65,29.20,29.44,2597400
25-Jul-00,31.01,31.07,29.81,30.11,1720200
24-Jul-00,30.29,31.01,29.69,30.47,1696900
21-Jul-00,29.44,30.65,29.20,30.53,2766200
20-Jul-00,29.69,29.93,29.14,29.32,2238500
19-Jul-00,29.50,29.75,29.02,29.44,3257900
18-Jul-00,30.71,30.71,29.14,29.14,4684700
17-Jul-00,31.55,31.73,29.57,29.57,2862800
14-Jul-00,31.31,31.67,30.59,31.67,2711600
13-Jul-00,30.77,31.49,30.53,31.31,2287300
12-Jul-00,31.19,31.85,30.35,30.89,4463400
11-Jul-00,28.72,31.31,28.54,31.25,5927100
10-Jul-00,27.82,28.96,27.82,28.84,6390300
7-Jul-00,27.82,27.88,26.20,26.56,5901400
6-Jul-00,28.54,28.66,27.70,27.82,1463500
5-Jul-00,29.20,29.20,28.12,28.36,1906100
3-Jul-00,28.00,29.02,28.00,28.60,1170700
30-Jun-00,27.64,28.60,27.52,27.88,4676100
29-Jun-00,28.00,28.72,27.52,27.88,4156800
28-Jun-00,28.54,29.02,27.76,28.51,3348400
27-Jun-00,28.00,29.57,27.94,28.78,3844900
26-Jun-00,28.90,29.08,27.52,27.76,2920700
23-Jun-00,27.94,29.50,27.64,29.08,3479300
22-Jun-00,28.72,28.84,27.46,28.00,3555700
21-Jun-00,28.18,28.54,27.40,27.60,3871500
20-Jun-00,29.08,29.38,28.60,28.90,2895800
19-Jun-00,30.53,30.59,28.84,28.90,3853300
16-Jun-00,29.44,30.83,28.90,29.87,5523400
15-Jun-00,29.20,29.69,28.66,29.44,4383800
14-Jun-00,27.40,29.32,27.34,28.78,4936600
13-Jun-00,27.52,27.70,26.80,27.10,6905800
12-Jun-00,27.64,28.84,27.64,27.76,3386500
9-Jun-00,28.54,28.90,27.76,27.89,3216300
8-Jun-00,28.87,28.90,28.45,28.51,1979600
7-Jun-00,29.50,29.50,28.60,28.96,2186100
6-Jun-00,29.35,29.87,29.20,29.50,1996400
5-Jun-00,29.20,29.41,29.11,29.35,2243000
2-Jun-00,28.48,29.81,28.18,29.81,3689400
1-Jun-00,27.91,28.00,27.55,27.73,2152400
31-May-00,28.00,28.12,27.52,28.09,2098200
30-May-00,27.88,28.15,27.64,27.91,3003000
26-May-00,28.84,28.93,27.40,27.55,3203500
25-May-00,29.81,29.93,28.84,28.93,1505800
24-May-00,29.50,30.17,29.50,29.69,2090800
23-May-00,30.65,30.65,29.75,29.78,2726800
22-May-00,31.34,31.46,30.53,30.62,2272800
19-May-00,31.55,31.91,31.13,31.25,1176300
18-May-00,31.34,31.61,31.10,31.55,918100
17-May-00,31.76,31.91,31.28,31.43,1177800
16-May-00,32.48,32.63,31.91,32.18,1160100
15-May-00,31.46,32.72,31.37,32.63,2426800
12-May-00,31.43,31.58,31.04,31.35,2164100
11-May-00,31.73,31.88,31.16,31.31,1718600
10-May-00,31.82,32.90,31.31,31.34,3436300
9-May-00,31.79,32.27,31.52,31.79,1916900
8-May-00,32.15,32.36,31.67,31.79,1071500
5-May-00,30.65,32.03,30.65,32.03,1543900
4-May-00,31.01,31.70,30.89,31.07,1875000
