Date,Open,High,Low,Close,Volume
2-Aug-02,13.85,14.01,13.14,13.70,34426500
1-Aug-02,14.93,15.03,13.90,14.02,32102000
31-Jul-02,15.35,15.50,14.68,14.87,27523300
30-Jul-02,14.84,15.82,14.80,15.70,29819700
29-Jul-02,14.94,15.34,14.46,15.10,37582700
26-Jul-02,15.07,15.08,13.74,14.32,49531400
25-Jul-02,15.39,15.53,13.55,14.23,83413600
24-Jul-02,15.12,16.57,15.04,16.55,42787400
23-Jul-02,16.54,16.94,15.50,15.58,39553200
22-Jul-02,17.00,17.48,16.50,16.83,33317600
19-Jul-02,16.70,17.60,16.64,16.80,27156600
18-Jul-02,17.96,18.29,17.03,17.15,29983200
17-Jul-02,19.36,19.71,17.50,17.99,47450700
16-Jul-02,19.09,19.98,18.25,18.40,35014800
15-Jul-02,18.13,19.45,17.80,19.40,32897400
12-Jul-02,18.88,19.00,17.96,18.48,31867100
11-Jul-02,16.62,18.52,16.33,18.23,46685300
10-Jul-02,18.24,18.25,16.60,16.67,31625000
9-Jul-02,18.10,18.24,17.50,17.72,32862400
8-Jul-02,19.73,20.06,18.55,19.00,27396600
5-Jul-02,18.85,19.95,18.84,19.93,21961900
3-Jul-02,16.72,18.17,16.67,17.99,29506600
2-Jul-02,17.89,17.90,16.92,16.97,46063200
1-Jul-02,18.95,19.20,17.94,18.03,31204900
28-Jun-02,19.60,20.25,18.92,19.02,36771500
27-Jun-02,19.66,20.15,19.03,19.96,38681900
26-Jun-02,18.69,19.47,18.09,18.99,43577600
25-Jun-02,20.38,20.68,19.05,19.80,39955700
24-Jun-02,18.41,20.20,18.41,19.87,33447800
21-Jun-02,18.49,19.44,18.49,18.76,28178300
20-Jun-02,19.85,20.14,18.85,19.19,30253600
19-Jun-02,20.04,20.50,19.51,19.69,27575800
18-Jun-02,20.75,21.73,20.44,20.46,30528000
17-Jun-02,20.31,21.33,20.15,21.04,24591200
14-Jun-02,19.35,20.10,18.94,19.83,29897000
13-Jun-02,20.51,21.25,19.94,20.38,27326700
12-Jun-02,19.56,20.79,19.38,20.70,33568300
11-Jun-02,20.99,21.00,19.54,19.59,21784100
10-Jun-02,20.69,21.16,20.10,20.46,17277100
7-Jun-02,19.36,20.62,19.25,20.62,42218500
6-Jun-02,21.84,22.14,20.70,20.92,31490800
5-Jun-02,22.10,22.62,21.71,22.35,29018600
4-Jun-02,21.32,22.19,20.70,22.00,36390900
3-Jun-02,22.20,22.34,21.30,21.43,25103800
31-May-02,23.00,23.20,22.10,22.18,23504300
30-May-02,22.70,22.70,21.81,22.59,38167000
29-May-02,23.52,23.75,23.10,23.10,23226300
28-May-02,24.14,24.36,23.63,24.12,22581800
24-May-02,23.99,24.16,23.35,23.80,42587100
23-May-02,26.32,26.38,24.76,25.57,30004900
22-May-02,25.98,26.72,25.20,26.16,27992600
21-May-02,27.02,27.35,26.00,26.31,23222200
20-May-02,26.59,27.18,26.50,26.78,19760400
17-May-02,27.15,27.50,26.37,27.31,37679600
16-May-02,26.52,27.19,26.03,27.13,29150000
15-May-02,26.49,27.50,25.70,26.75,52615900
14-May-02,27.00,27.72,26.25,26.64,46340900
13-May-02,24.65,25.70,24.17,25.58,32640000
10-May-02,25.69,25.70,23.44,23.70,30757100
9-May-02,25.14,26.13,25.00,25.26,35306000
8-May-02,23.90,25.77,23.85,25.56,36714100
7-May-02,22.47,22.93,21.81,22.32,24878100
6-May-02,22.12,23.33,22.10,22.12,21825200
3-May-02,22.89,22.90,21.65,22.17,31087500
2-May-02,24.57,25.07,22.75,22.87,34764400
1-May-02,24.25,24.81,23.51,24.40,25109000
30-Apr-02,24.00,25.18,23.80,24.32,24989600
29-Apr-02,24.15,24.50,23.37,23.94,25770600
26-Apr-02,25.53,25.69,23.56,23.77,29180700
25-Apr-02,24.63,25.64,24.37,25.23,28004900
24-Apr-02,26.09,26.47,24.68,25.00,22705100
23-Apr-02,26.49,26.49,25.62,25.90,24110000
22-Apr-02,26.25,26.43,25.50,26.06,16945900
19-Apr-02,27.00,27.09,26.00,26.48,23107600
18-Apr-02,27.08,27.19,25.80,26.71,29809500
17-Apr-02,27.47,27.86,26.86,27.30,22729800
16-Apr-02,26.80,27.17,26.75,27.08,19010900
15-Apr-02,25.42,25.99,25.23,25.72,16934200
12-Apr-02,25.50,25.59,24.77,25.30,16465400
11-Apr-02,25.20,25.89,25.03,25.22,19826600
10-Apr-02,25.86,25.90,24.75,25.50,24172700
9-Apr-02,26.48,26.92,25.50,25.68,17989700
8-Apr-02,25.50,26.55,25.14,26.51,22095400
5-Apr-02,27.39,27.45,26.10,26.20,15820200
4-Apr-02,26.49,27.30,26.31,27.05,17899100
3-Apr-02,26.89,27.27,26.27,26.59,18552400
2-Apr-02,27.27,27.27,26.97,27.01,15998200
1-Apr-02,27.00,27.95,26.64,27.76,17360400
28-Mar-02,26.61,27.20,26.60,27.14,17926400
27-Mar-02,26.09,26.20,25.65,25.99,12670000
26-Mar-02,25.49,26.47,25.18,26.17,18381900
25-Mar-02,26.17,26.49,25.59,25.64,17922400
22-Mar-02,26.50,26.70,25.76,25.76,18087000
21-Mar-02,25.55,26.17,25.33,26.01,12754200
20-Mar-02,25.83,26.04,25.48,25.50,12814500
19-Mar-02,26.16,26.42,25.83,26.28,12869000
18-Mar-02,25.92,26.36,25.55,25.91,21404100
15-Mar-02,25.05,25.38,24.41,25.36,14808800
14-Mar-02,24.85,25.17,24.62,24.65,15433500
13-Mar-02,24.62,25.17,24.36,24.75,20209000
12-Mar-02,24.95,25.41,24.88,25.33,17737600
11-Mar-02,26.28,26.67,25.53,25.90,19642000
8-Mar-02,26.25,27.19,26.20,26.76,24227900
7-Mar-02,25.74,26.02,25.08,25.68,21041300
6-Mar-02,25.20,25.57,24.55,25.27,17657800
5-Mar-02,24.79,25.86,24.76,25.49,22646500
4-Mar-02,23.90,25.28,23.85,25.03,27981100
1-Mar-02,22.28,24.00,22.25,23.99,26547500
28-Feb-02,22.12,22.61,21.69,21.74,19272900
27-Feb-02,22.50,22.99,21.98,22.14,17708300
26-Feb-02,22.48,22.72,21.86,22.28,16094800
25-Feb-02,21.42,22.76,21.40,22.47,20311100
22-Feb-02,21.74,22.10,20.92,21.24,24408200
21-Feb-02,22.97,23.00,21.48,21.64,26926800
20-Feb-02,22.79,23.30,22.50,23.28,20980000
19-Feb-02,23.23,23.39,22.65,22.90,19939400
15-Feb-02,23.52,23.92,23.35,23.60,16509000
14-Feb-02,23.83,24.33,23.39,23.66,23128500
13-Feb-02,22.67,24.01,22.67,23.98,39570500
12-Feb-02,22.45,22.99,22.20,22.35,23523900
11-Feb-02,21.91,22.88,21.86,22.84,20640800
8-Feb-02,21.20,21.63,20.72,21.54,22991300
7-Feb-02,22.15,22.47,20.91,20.91,20522800
6-Feb-02,22.55,22.55,21.63,22.33,16145000
5-Feb-02,21.77,22.60,21.76,22.22,19934600
4-Feb-02,21.92,22.35,21.76,21.99,25229100
1-Feb-02,21.62,22.04,21.13,21.48,16594000
31-Jan-02,21.81,22.00,21.33,21.83,15379900
30-Jan-02,20.75,21.60,20.50,21.58,19585500
29-Jan-02,21.19,21.67,20.47,20.66,15666500
28-Jan-02,21.27,21.75,20.92,21.44,16202400
25-Jan-02,20.09,21.20,20.02,21.07,13068200
24-Jan-02,20.70,20.70,19.99,20.01,18946000
23-Jan-02,20.27,20.86,20.15,20.62,17335200
22-Jan-02,20.42,20.42,19.50,19.75,17259300
18-Jan-02,20.02,20.55,19.96,20.17,15591900
17-Jan-02,21.16,21.19,20.00,20.80,26274200
16-Jan-02,21.27,21.32,20.75,20.77,32402200
15-Jan-02,22.69,23.15,21.41,22.81,20262900
14-Jan-02,22.37,23.34,22.37,22.66,19176100
11-Jan-02,23.10,23.40,22.33,22.50,14658300
10-Jan-02,23.16,23.43,22.65,23.00,13634800
9-Jan-02,23.28,24.00,23.10,23.34,19914100
8-Jan-02,22.48,23.16,22.25,22.89,13158100
7-Jan-02,22.90,23.18,22.31,22.37,12661800
4-Jan-02,22.88,23.11,22.23,22.61,14699200
3-Jan-02,20.92,22.93,20.92,22.75,22333800
2-Jan-02,20.42,20.84,20.11,20.83,9640800
31-Dec-01,20.81,20.97,20.05,20.05,7265900
28-Dec-01,20.72,21.00,20.60,20.91,6321800
27-Dec-01,20.38,20.69,20.34,20.51,5077700
26-Dec-01,20.07,20.75,20.07,20.26,5440700
24-Dec-01,20.00,20.17,20.00,20.06,2553900
21-Dec-01,20.30,20.33,19.92,19.99,14431300
20-Dec-01,20.50,20.60,19.62,19.78,15470300
19-Dec-01,21.00,21.20,20.61,20.68,14294800
18-Dec-01,21.77,21.95,21.22,21.38,12585700
17-Dec-01,21.06,21.89,21.05,21.60,13272100
14-Dec-01,20.58,21.44,20.38,21.16,15430900
13-Dec-01,21.49,21.57,20.53,20.54,19792200
12-Dec-01,22.18,22.53,21.52,22.43,20278500
11-Dec-01,22.10,22.67,21.75,21.97,15901800
10-Dec-01,21.94,22.70,21.66,21.78,15552900
7-Dec-01,22.72,22.98,21.75,22.23,16622400
6-Dec-01,22.88,23.14,22.43,22.74,18637400
5-Dec-01,21.53,23.29,21.50,22.95,28640200
4-Dec-01,20.12,21.25,19.68,21.22,18368100
3-Dec-01,19.68,20.18,19.41,19.64,13448400
30-Nov-01,20.01,20.14,19.70,19.87,18161500
29-Nov-01,20.02,20.83,19.76,20.73,17315500
28-Nov-01,20.75,21.07,20.00,20.02,18269600
27-Nov-01,19.99,21.55,19.81,20.99,28477500
26-Nov-01,19.25,20.26,19.21,20.03,15946000
23-Nov-01,19.00,19.42,18.65,19.38,5185600
21-Nov-01,18.25,19.14,18.23,19.00,13038500
20-Nov-01,19.15,19.16,18.30,18.33,15202700
19-Nov-01,19.83,19.83,18.96,19.42,16584700
16-Nov-01,19.69,19.92,19.50,19.63,14187700
15-Nov-01,19.25,20.08,19.17,19.55,35081800
14-Nov-01,20.68,21.08,19.70,20.35,22021800
13-Nov-01,20.14,20.44,19.86,20.40,17510500
12-Nov-01,19.12,19.78,18.28,19.48,18622600
9-Nov-01,19.17,19.74,19.00,19.28,15285400
8-Nov-01,20.01,20.67,18.98,19.20,23243200
7-Nov-01,19.74,20.45,19.58,19.67,16259700
6-Nov-01,19.10,19.98,18.93,19.96,17087200
5-Nov-01,19.18,19.75,18.98,19.23,14623100
2-Nov-01,18.52,19.12,18.07,18.99,21419700
1-Nov-01,17.50,18.52,16.86,18.50,19246400
31-Oct-01,16.85,17.75,16.75,17.06,15350700
30-Oct-01,17.06,17.33,16.38,16.62,15696500
29-Oct-01,18.40,18.41,17.25,17.25,12692400
26-Oct-01,18.52,19.00,18.11,18.43,18013600
25-Oct-01,17.45,18.95,16.81,18.72,21211700
24-Oct-01,16.90,17.83,16.62,17.67,17224100
23-Oct-01,17.48,17.82,16.76,16.93,20828900
22-Oct-01,15.98,17.40,15.85,17.39,20781600
19-Oct-01,15.60,16.48,15.38,16.27,13629800
18-Oct-01,15.99,16.42,15.50,15.80,15112200
17-Oct-01,17.70,17.73,16.01,16.07,19234700
16-Oct-01,16.53,17.24,16.38,17.23,15760200
15-Oct-01,16.83,17.05,16.37,16.82,15476400
12-Oct-01,17.40,17.83,16.50,17.58,18461700
11-Oct-01,16.41,18.00,16.38,17.93,23550200
10-Oct-01,15.13,16.24,15.00,16.20,18942800
9-Oct-01,16.57,16.65,15.50,15.57,18146900
8-Oct-01,15.59,16.95,15.40,16.93,17939800
5-Oct-01,15.40,16.01,14.70,15.77,15356400
4-Oct-01,15.73,16.35,15.02,15.49,22314500
3-Oct-01,13.60,15.32,13.30,15.17,28252600
2-Oct-01,14.07,14.25,13.51,13.75,17552800
1-Oct-01,14.31,14.53,13.85,14.21,19035200
28-Sep-01,14.19,14.59,13.71,14.22,20230700
27-Sep-01,14.52,14.62,13.52,13.94,17594300
26-Sep-01,15.44,15.61,14.41,14.56,16669300
25-Sep-01,14.70,15.60,14.56,15.27,21793900
24-Sep-01,15.09,15.32,14.47,14.67,23165600
21-Sep-01,13.84,14.77,13.62,14.62,28781500
20-Sep-01,15.10,15.82,14.61,14.74,29010900
19-Sep-01,16.58,16.96,14.20,15.56,39823200
18-Sep-01,18.52,18.54,16.56,16.56,24440600
17-Sep-01,18.51,19.26,18.02,18.33,23074000
10-Sep-01,20.07,20.52,19.74,20.01,20423300
7-Sep-01,19.99,20.93,19.98,20.14,22404900
6-Sep-01,20.50,20.81,19.99,20.10,21316100
5-Sep-01,21.02,21.53,20.15,21.03,22781600
4-Sep-01,21.36,22.23,20.90,20.97,14498400
31-Aug-01,21.10,21.77,20.90,21.55,12489300
30-Aug-01,21.63,22.08,21.12,21.55,11874900
29-Aug-01,22.76,22.83,21.65,21.88,12768100
28-Aug-01,23.58,23.73,22.60,22.61,12487100
27-Aug-01,23.42,24.08,23.25,23.62,10570600
24-Aug-01,22.42,23.64,22.33,23.44,13468800
23-Aug-01,21.83,22.45,21.75,22.07,11572000
22-Aug-01,21.56,22.09,21.10,21.95,14319000
21-Aug-01,21.69,22.02,21.00,21.00,11531100
20-Aug-01,21.40,22.10,21.35,21.62,11132200
17-Aug-01,21.72,22.08,21.25,21.28,11479100
16-Aug-01,21.50,22.37,21.27,22.35,14174000
15-Aug-01,22.30,22.53,21.82,21.87,18733100
14-Aug-01,22.53,22.70,21.80,21.83,13419100
13-Aug-01,22.42,22.61,21.82,22.42,11629200
10-Aug-01,22.43,22.67,21.67,22.24,15208800
9-Aug-01,22.34,22.78,21.86,22.42,13010800
8-Aug-01,23.30,23.82,22.23,22.37,13275600
7-Aug-01,23.68,23.70,23.02,23.40,13636300
6-Aug-01,24.35,24.50,24.10,24.36,7725000
3-Aug-01,24.83,25.00,24.58,24.80,10923900
2-Aug-01,24.59,25.12,24.42,25.00,18983200
1-Aug-01,23.81,24.48,23.58,24.15,19933000
31-Jul-01,23.44,23.74,22.87,22.93,14320400
30-Jul-01,23.40,23.67,22.99,23.30,11473500
27-Jul-01,22.83,23.61,22.73,23.13,15090400
26-Jul-01,21.70,22.99,21.30,22.59,15447400
25-Jul-01,21.58,21.92,21.00,21.89,12700400
24-Jul-01,21.66,22.20,21.04,21.48,11795300
23-Jul-01,22.44,22.53,21.75,21.79,9393500
20-Jul-01,22.25,22.58,21.88,22.52,11975400
19-Jul-01,22.24,23.15,22.14,22.65,16763600
18-Jul-01,21.52,22.32,21.38,21.78,15965800
17-Jul-01,20.25,22.40,19.93,22.28,38277500
16-Jul-01,23.00,23.45,20.83,20.98,27708500
13-Jul-01,23.14,23.83,22.55,23.18,14012200
12-Jul-01,22.85,23.50,22.75,23.22,19096000
11-Jul-01,21.50,22.12,21.08,22.03,15828600
10-Jul-01,22.74,22.84,21.32,21.39,17141900
9-Jul-01,22.83,22.86,21.91,22.41,13636100
6-Jul-01,23.92,23.99,22.59,22.65,15527000
5-Jul-01,24.70,24.75,24.20,24.34,11835800
3-Jul-01,25.09,25.17,24.78,25.11,6576800
2-Jul-01,25.05,25.23,24.77,24.98,16077600
29-Jun-01,25.07,26.48,24.00,24.55,20669800
28-Jun-01,24.75,25.50,24.56,24.78,22581000
27-Jun-01,24.97,24.98,24.11,24.24,17635700
26-Jun-01,24.45,25.28,24.19,25.10,18952000
25-Jun-01,24.77,25.05,24.31,24.93,13060800
22-Jun-01,23.77,24.94,23.77,24.52,20588000
21-Jun-01,23.90,24.51,23.42,23.81,20803700
20-Jun-01,23.56,24.25,22.90,24.18,26786900
19-Jun-01,25.80,25.89,23.62,24.16,23828200
18-Jun-01,25.62,25.75,24.66,24.67,17081300
15-Jun-01,25.10,26.00,24.41,24.95,20582800
14-Jun-01,26.50,26.62,25.42,25.50,19140600
13-Jun-01,27.30,28.24,26.79,26.89,16966900
12-Jun-01,26.05,27.72,25.50,27.25,14671400
11-Jun-01,26.82,26.90,26.61,26.81,9933200
8-Jun-01,28.14,28.14,27.08,27.64,13761000
7-Jun-01,26.12,28.05,26.12,28.01,21210500
6-Jun-01,26.33,26.92,25.60,26.33,16845700
5-Jun-01,25.34,26.85,25.30,26.25,14848400
4-Jun-01,25.77,25.88,24.88,25.03,10448900
1-Jun-01,25.67,26.09,24.66,25.66,17047600
31-May-01,24.25,25.75,24.17,24.97,18348500
30-May-01,25.30,25.35,24.24,24.48,19967800
29-May-01,26.70,26.76,25.71,25.92,12026600
25-May-01,27.50,27.87,26.84,26.85,13956600
24-May-01,26.64,27.25,26.14,27.21,16904900
23-May-01,27.80,27.89,26.35,26.47,17479400
22-May-01,28.75,29.25,28.27,28.30,16253500
21-May-01,27.40,29.00,27.38,28.76,21424000
18-May-01,26.51,27.55,26.50,27.50,13849400
17-May-01,26.90,27.40,26.50,26.95,19854600
16-May-01,24.58,27.14,24.38,27.05,34422400
15-May-01,24.76,25.77,24.51,24.94,22057300
14-May-01,25.76,25.84,24.27,24.84,16694600
11-May-01,25.65,26.35,25.41,25.85,13855900
10-May-01,27.15,27.17,25.50,25.50,26421100
9-May-01,25.42,26.28,24.81,25.52,18273800
8-May-01,25.85,26.33,25.36,26.30,15456800
7-May-01,25.78,26.25,24.88,25.37,17228300
4-May-01,25.25,26.58,25.07,25.76,20159500
3-May-01,26.90,26.90,25.88,26.30,18463600
2-May-01,28.00,28.28,27.05,27.34,20168900
1-May-01,27.41,27.90,26.10,27.52,25978500
30-Apr-01,27.33,28.42,26.58,27.30,23985400
27-Apr-01,26.26,27.08,25.75,26.94,19283100
26-Apr-01,27.23,27.45,24.98,25.42,29077700
25-Apr-01,25.92,27.16,24.62,26.59,33639300
24-Apr-01,26.74,27.85,25.25,25.85,28020200
23-Apr-01,27.25,27.56,26.02,26.36,22083400
20-Apr-01,29.23,29.55,27.62,28.16,27803100
19-Apr-01,26.88,29.52,26.00,29.36,40814300
18-Apr-01,25.45,27.52,25.27,26.51,45868700
17-Apr-01,23.41,25.10,23.07,23.80,27883300
16-Apr-01,24.02,24.88,23.42,23.96,25406800
12-Apr-01,22.67,24.95,22.50,24.74,27665600
11-Apr-01,23.74,24.45,22.50,23.01,38597600
10-Apr-01,19.58,22.00,19.14,21.38,30552500
9-Apr-01,20.00,20.11,18.38,19.41,26704200
6-Apr-01,20.62,21.03,19.50,20.00,28850500
5-Apr-01,19.94,21.44,19.83,21.12,30487800
4-Apr-01,19.97,20.16,18.28,18.91,38840000
3-Apr-01,20.07,20.88,19.51,20.07,35951600
2-Apr-01,21.69,22.07,19.44,20.00,34306100
30-Mar-01,22.28,22.34,21.12,21.75,27594500
29-Mar-01,23.53,24.69,22.07,22.78,34292800
28-Mar-01,24.84,25.75,23.69,23.84,32254700
27-Mar-01,24.25,25.72,23.94,25.44,31000900
26-Mar-01,25.41,25.47,24.22,24.66,19038100
23-Mar-01,25.73,26.20,24.16,25.12,37762200
22-Mar-01,23.00,24.78,23.00,24.72,36076100
21-Mar-01,21.84,23.19,21.53,22.44,27853600
20-Mar-01,23.62,23.75,21.41,21.41,24616200
19-Mar-01,22.16,23.57,21.62,23.32,16898300
16-Mar-01,22.32,22.94,21.78,22.12,24930200
15-Mar-01,24.76,24.91,22.75,23.07,25943300
14-Mar-01,23.07,24.82,23.07,24.09,32963100
13-Mar-01,23.62,24.32,22.50,23.94,29562200
12-Mar-01,22.50,24.62,22.22,23.16,31448600
9-Mar-01,24.44,24.75,23.04,23.38,19580900
8-Mar-01,24.91,25.57,24.59,25.16,19952000
7-Mar-01,24.94,25.07,24.25,24.91,16367300
6-Mar-01,24.62,25.75,24.62,24.91,24890000
5-Mar-01,23.50,24.38,23.25,23.78,15833600
2-Mar-01,21.84,24.32,21.12,22.62,28892200
1-Mar-01,20.19,22.69,19.53,22.67,29994800
28-Feb-01,22.38,22.38,20.50,21.12,27108600
27-Feb-01,24.00,24.09,22.26,22.50,16924800
26-Feb-01,23.75,24.22,22.59,23.91,20532500
23-Feb-01,23.62,24.00,22.03,23.97,21785600
22-Feb-01,23.50,24.88,22.62,23.41,27520600
21-Feb-01,22.25,24.82,22.25,23.32,22018100
20-Feb-01,24.19,24.50,22.94,22.97,15334100
16-Feb-01,23.78,24.36,23.22,24.11,22200600
15-Feb-01,23.88,25.32,23.72,24.72,27809200
14-Feb-01,21.00,23.84,21.00,23.41,47884500
13-Feb-01,22.25,22.50,20.50,20.62,21314700
12-Feb-01,21.41,22.50,21.10,22.00,14227500
9-Feb-01,21.19,22.53,21.00,21.32,16253300
8-Feb-01,21.88,22.91,21.09,21.19,18784100
7-Feb-01,22.82,23.32,21.50,22.38,17033900
6-Feb-01,22.59,23.57,22.41,22.94,12824100
5-Feb-01,23.34,23.38,22.01,22.91,16220500
2-Feb-01,25.47,25.82,23.82,23.88,12099500
1-Feb-01,25.19,25.57,24.78,25.28,12999800
31-Jan-01,25.50,26.41,25.07,25.16,33864700
30-Jan-01,25.32,26.97,25.12,26.22,25792000
29-Jan-01,23.84,25.41,23.72,25.09,11340500
26-Jan-01,23.62,24.19,23.53,23.94,20334700
25-Jan-01,24.50,24.84,24.12,24.38,17390000
24-Jan-01,24.32,25.00,24.07,24.82,21997800
23-Jan-01,23.91,24.32,23.47,24.12,16597500
22-Jan-01,24.91,24.91,24.00,24.47,16383600
19-Jan-01,25.44,25.75,24.44,24.97,24607000
18-Jan-01,24.00,25.12,23.47,25.03,29494700
17-Jan-01,24.44,24.66,23.62,24.09,37646200
16-Jan-01,22.94,22.94,21.57,22.22,21339400
12-Jan-01,23.07,23.94,22.34,23.19,29760800
11-Jan-01,22.16,23.50,21.57,23.19,37800500
10-Jan-01,21.16,22.59,20.88,22.38,28997300
9-Jan-01,23.28,23.32,21.34,21.75,21800000
8-Jan-01,21.22,22.94,20.97,22.88,23777000
5-Jan-01,22.50,23.03,21.22,21.34,22138700
4-Jan-01,23.94,25.07,21.78,22.19,48204500
3-Jan-01,19.53,24.91,19.50,24.82,33802800
2-Jan-01,19.41,20.50,19.00,19.75,19243100
29-Dec-00,19.25,20.19,19.00,19.09,12700900
28-Dec-00,20.00,20.44,19.12,19.72,14995300
27-Dec-00,18.82,19.94,18.62,19.78,18211900
26-Dec-00,19.34,19.66,18.59,19.00,9681700
22-Dec-00,18.32,19.53,17.82,19.32,24762200
21-Dec-00,18.84,20.09,17.07,17.69,25768700
20-Dec-00,19.12,19.32,18.25,18.91,19000300
19-Dec-00,19.94,21.31,19.44,19.50,19521900
18-Dec-00,20.32,20.91,19.59,19.88,14002200
15-Dec-00,20.29,20.38,19.22,19.75,20963100
14-Dec-00,21.22,21.88,20.07,20.19,13613800
13-Dec-00,21.78,22.84,21.03,21.34,25406400
12-Dec-00,24.03,24.22,22.72,22.75,23440900
11-Dec-00,22.00,25.62,21.57,25.47,26635600
8-Dec-00,21.38,22.32,21.34,22.09,17633600
7-Dec-00,19.91,21.00,19.41,20.00,9036300
6-Dec-00,22.07,22.25,20.25,20.28,13645300
5-Dec-00,19.94,22.12,19.94,22.07,18223900
4-Dec-00,19.69,20.09,18.62,19.25,13195500
1-Dec-00,20.57,20.75,19.00,19.28,22786700
30-Nov-00,20.28,21.03,19.47,20.22,21650500
29-Nov-00,20.38,21.84,20.05,21.47,15634400
28-Nov-00,22.00,22.38,20.25,20.53,21047700
27-Nov-00,23.72,24.32,21.75,22.07,16914700
24-Nov-00,22.09,23.47,21.88,23.34,7662200
22-Nov-00,20.94,22.38,20.88,21.12,14475200
21-Nov-00,20.78,21.62,20.00,21.16,15980600
20-Nov-00,20.32,21.50,20.00,20.57,15872500
17-Nov-00,20.62,21.32,19.78,20.57,13782800
16-Nov-00,21.57,22.34,20.54,20.82,28225600
15-Nov-00,21.34,22.00,20.25,21.38,25843900
14-Nov-00,21.12,21.57,20.22,20.72,16291600
13-Nov-00,19.78,21.16,19.25,20.12,21113700
10-Nov-00,21.22,21.32,20.32,20.47,12271400
9-Nov-00,20.47,22.75,20.32,21.69,21611900
8-Nov-00,23.75,23.78,21.66,21.72,13742300
7-Nov-00,24.38,24.57,23.22,23.44,11981400
6-Nov-00,25.19,25.22,24.09,24.66,11472000
3-Nov-00,25.53,25.57,24.57,24.72,11285500
2-Nov-00,25.69,26.38,25.12,26.00,14332300
1-Nov-00,23.94,26.07,23.59,25.62,24304200
31-Oct-00,25.41,27.00,25.19,26.57,14052500
30-Oct-00,24.38,26.00,24.07,24.82,13201300
27-Oct-00,26.75,27.07,23.22,24.07,24180600
26-Oct-00,24.69,26.69,24.12,26.53,17912200
25-Oct-00,24.62,25.72,23.91,24.38,15778800
24-Oct-00,25.88,26.03,24.19,24.72,18062800
23-Oct-00,25.88,27.69,25.69,26.72,15995300
20-Oct-00,24.59,25.97,24.09,25.25,17313100
19-Oct-00,23.00,25.44,22.57,25.25,18483800
18-Oct-00,21.94,22.62,20.25,21.03,31452300
17-Oct-00,24.44,24.50,21.32,22.25,34401900
16-Oct-00,26.62,26.62,24.00,24.38,21681700
13-Oct-00,24.00,27.19,23.88,26.75,21083100
12-Oct-00,27.07,27.57,24.00,24.03,30721400
11-Oct-00,24.38,27.00,24.25,25.78,27683900
10-Oct-00,27.12,27.22,24.32,24.53,31858100
9-Oct-00,26.88,28.59,25.82,27.88,13791700
6-Oct-00,26.50,27.38,26.00,27.09,14903900
5-Oct-00,26.89,27.25,25.88,26.57,15850600
4-Oct-00,25.84,27.50,25.82,27.09,27421200
3-Oct-00,27.82,27.84,25.75,25.82,29033100
2-Oct-00,30.38,30.47,28.25,28.34,16255200
29-Sep-00,31.36,31.62,29.11,29.66,15303100
28-Sep-00,31.50,32.53,31.03,31.94,22973100
27-Sep-00,33.19,33.31,31.19,31.94,15156700
26-Sep-00,33.78,34.31,32.47,32.72,15435800
25-Sep-00,35.78,36.12,33.28,33.72,15745000
22-Sep-00,34.10,35.00,33.56,35.00,28990000
21-Sep-00,37.88,38.12,36.50,36.75,13973000
20-Sep-00,38.53,39.38,37.25,39.00,13372800
19-Sep-00,36.63,38.56,36.12,38.47,9683800
18-Sep-00,36.78,37.85,35.75,36.12,11470500
15-Sep-00,36.97,37.44,35.65,36.56,11594200
14-Sep-00,37.94,38.25,37.00,37.47,8558400
13-Sep-00,35.28,37.50,35.06,37.00,11541600
12-Sep-00,37.56,37.94,35.62,35.85,14527300
11-Sep-00,37.72,39.22,36.88,37.60,14892300
8-Sep-00,39.47,39.56,37.50,37.75,14069700
7-Sep-00,39.90,40.81,38.94,40.19,14620500
6-Sep-00,41.31,42.50,39.50,39.81,13738100
5-Sep-00,41.94,42.75,41.75,42.22,7115000
1-Sep-00,43.85,44.44,41.85,42.40,10071700
31-Aug-00,42.53,43.81,41.60,43.15,10680000
30-Aug-00,42.40,42.81,41.62,42.19,7463300
29-Aug-00,41.72,42.88,41.25,42.53,8202300
28-Aug-00,42.31,42.75,41.15,41.60,8215500
25-Aug-00,42.78,43.15,41.50,42.35,8811700
24-Aug-00,42.62,43.53,42.19,42.78,11265300
23-Aug-00,40.75,42.75,40.62,42.72,11465600
22-Aug-00,41.19,41.94,40.28,41.00,9017700
21-Aug-00,42.38,42.38,40.25,40.72,10528300
18-Aug-00,42.35,43.06,41.50,41.97,12805000
17-Aug-00,40.49,42.12,39.75,42.00,15272700
16-Aug-00,39.56,40.90,39.50,40.47,19555300
15-Aug-00,37.69,39.40,37.65,38.90,18152800
14-Aug-00,34.97,37.53,34.75,37.40,14880300
11-Aug-00,34.40,34.97,33.25,34.60,13423300
10-Aug-00,35.60,36.60,34.22,34.62,29894500
9-Aug-00,36.62,37.25,36.00,36.06,25684200
8-Aug-00,35.56,35.88,34.53,35.28,12790800
7-Aug-00,34.47,35.50,33.89,34.97,17926100
4-Aug-00,35.62,35.75,32.97,33.88,22258300
3-Aug-00,33.12,36.00,32.38,34.50,42791900
2-Aug-00,37.35,38.72,36.22,36.28,12336100
1-Aug-00,38.53,38.62,36.94,37.28,10464100
31-Jul-00,37.53,38.75,36.44,37.94,13680600
28-Jul-00,37.85,38.69,36.00,37.00,22361700
27-Jul-00,39.97,40.22,36.88,37.15,23388300
26-Jul-00,41.38,41.69,39.81,40.94,19505200
25-Jul-00,41.06,42.44,40.53,42.25,11333300
24-Jul-00,39.97,41.12,39.06,40.25,15161300
21-Jul-00,40.90,40.94,38.90,39.06,18865500
20-Jul-00,43.72,44.60,40.69,41.60,18190300
19-Jul-00,44.15,44.25,42.69,43.35,9741700
18-Jul-00,45.94,46.62,44.19,44.44,13117800
17-Jul-00,44.40,47.25,44.35,47.00,13989700
14-Jul-00,44.69,44.97,43.69,44.35,7733900
13-Jul-00,45.06,45.47,43.12,43.88,10253900
12-Jul-00,44.38,45.50,43.88,44.50,10530500
11-Jul-00,44.60,45.50,43.12,43.50,15014200
10-Jul-00,43.72,45.97,42.50,44.31,15684500
7-Jul-00,44.65,45.47,44.25,44.78,10226400
6-Jul-00,42.22,43.75,41.31,43.35,17003300
5-Jul-00,44.75,44.75,41.38,41.72,21005300
3-Jul-00,45.40,46.31,45.31,46.28,2747000
30-Jun-00,44.25,45.94,44.19,45.31,7479500
29-Jun-00,44.75,45.47,43.81,44.53,8888000
28-Jun-00,44.65,46.50,43.81,45.28,9570500
27-Jun-00,45.06,45.62,43.38,44.06,9255900
26-Jun-00,46.19,46.19,44.60,44.75,8267000
23-Jun-00,47.38,47.50,45.12,45.38,8523800
22-Jun-00,48.78,48.90,46.88,46.94,8042700
21-Jun-00,47.29,49.03,47.00,48.97,9546600
20-Jun-00,48.47,49.25,47.25,48.10,12783000
19-Jun-00,46.06,48.31,45.31,48.25,11540200
16-Jun-00,45.10,46.81,43.53,46.53,15228600
15-Jun-00,43.33,44.69,43.06,44.22,12113100
14-Jun-00,46.15,46.25,43.00,43.03,10154500
13-Jun-00,45.50,46.31,44.50,46.06,9917700
12-Jun-00,47.50,47.50,45.25,45.53,5986700
9-Jun-00,47.78,47.81,46.85,47.44,7265000
8-Jun-00,47.44,47.88,45.62,46.35,7424500
7-Jun-00,45.19,46.90,44.72,46.78,10112300
6-Jun-00,46.62,47.53,44.50,44.65,10393100
5-Jun-00,45.75,47.75,45.00,46.81,12125300
2-Jun-00,47.38,47.75,46.19,46.78,14185300
1-Jun-00,43.00,44.62,42.75,43.88,13039400
31-May-00,42.38,43.88,41.53,41.75,16553000
30-May-00,38.88,42.56,38.72,42.47,14219700
26-May-00,38.62,39.50,36.40,37.15,11032300
25-May-00,39.62,42.00,37.50,38.35,20543600
24-May-00,36.06,39.97,34.40,39.22,25956700
23-May-00,39.06,40.15,35.75,35.94,20735300
22-May-00,40.38,40.50,35.81,39.65,24689500
19-May-00,42.25,42.75,39.62,40.10,18504100
18-May-00,45.28,45.38,42.40,42.50,10594500
17-May-00,45.44,47.00,44.75,44.81,13912500
16-May-00,45.92,47.12,44.75,46.47,15221700
15-May-00,42.25,44.50,40.81,44.50,10910600
12-May-00,43.40,44.75,41.88,42.22,14316300
11-May-00,41.50,43.38,39.90,42.62,39859700
10-May-00,44.90,45.12,41.75,42.31,32865600
9-May-00,48.53,48.81,45.12,45.31,17191100
8-May-00,50.28,51.50,47.47,47.85,15309200
5-May-00,50.28,51.44,50.12,50.94,14392700
4-May-00,48.38,49.44,46.88,48.88,15320000
