Date,Open,High,Low,Close,Volume
2-Aug-02,40.63,40.86,39.10,39.85,2937200
1-Aug-02,41.00,41.40,40.35,40.63,3374200
31-Jul-02,41.66,41.66,40.35,41.52,4392400
30-Jul-02,41.99,42.00,40.60,41.65,5213200
29-Jul-02,42.94,42.99,41.30,42.03,5596700
26-Jul-02,42.50,42.51,40.14,42.00,3402100
25-Jul-02,41.00,42.94,40.31,42.94,5145300
24-Jul-02,37.50,41.37,37.10,41.19,5581600
23-Jul-02,38.45,39.90,38.10,38.85,5608500
22-Jul-02,39.80,40.15,37.58,38.53,5745600
19-Jul-02,40.89,41.00,39.56,39.92,4261500
18-Jul-02,43.09,43.10,41.23,41.29,3626200
17-Jul-02,42.42,43.19,42.15,42.94,6341000
16-Jul-02,40.05,41.80,40.05,40.87,5454200
15-Jul-02,39.85,39.87,37.20,39.76,5209100
12-Jul-02,41.24,41.49,39.13,40.15,3227900
11-Jul-02,40.80,41.47,39.55,41.17,5696900
10-Jul-02,43.52,43.70,40.46,40.80,6568600
9-Jul-02,43.99,44.69,43.09,43.22,2634600
8-Jul-02,44.72,45.09,43.87,44.10,2690300
5-Jul-02,44.20,45.20,44.05,45.00,1805700
3-Jul-02,44.14,44.45,43.17,43.77,3033300
2-Jul-02,44.40,44.78,43.86,44.54,2878200
1-Jul-02,44.97,45.28,44.56,44.60,3513300
28-Jun-02,44.35,45.09,44.10,45.00,5541300
27-Jun-02,43.00,44.88,42.96,44.80,3375500
26-Jun-02,41.87,43.10,41.87,42.72,3375300
25-Jun-02,43.30,44.12,42.82,42.87,3939000
24-Jun-02,42.92,43.67,41.52,42.74,3751900
21-Jun-02,43.03,43.72,42.74,42.97,3668300
20-Jun-02,43.13,44.49,43.02,43.77,2671600
19-Jun-02,43.47,44.10,43.10,43.13,1965500
18-Jun-02,43.95,44.28,43.40,43.78,1984200
17-Jun-02,42.54,44.35,42.54,44.00,3068400
14-Jun-02,42.75,43.00,41.78,42.53,2537600
13-Jun-02,43.30,43.75,42.39,42.50,2378900
12-Jun-02,42.62,43.99,42.60,43.83,2183000
11-Jun-02,43.10,43.80,42.30,42.50,1819500
10-Jun-02,42.95,43.50,42.83,42.92,1850700
7-Jun-02,41.96,43.25,41.75,42.76,2987600
6-Jun-02,42.54,42.77,41.92,41.96,1764200
5-Jun-02,42.10,42.79,41.87,42.54,1642100
4-Jun-02,41.87,42.40,41.45,41.85,2779900
3-Jun-02,43.40,43.87,41.83,41.86,2926500
31-May-02,43.82,44.09,42.65,42.65,2598400
30-May-02,42.60,44.19,42.46,43.66,3062000
29-May-02,42.70,43.50,42.65,43.00,2925800
28-May-02,43.35,43.35,42.75,43.00,2429500
24-May-02,44.00,44.00,43.05,43.35,2198100
23-May-02,43.83,44.50,43.39,44.15,2628800
22-May-02,44.25,44.59,43.29,44.41,2441000
21-May-02,45.14,45.75,44.11,44.35,2608300
20-May-02,45.64,46.03,44.87,45.13,2440400
17-May-02,45.23,45.61,44.80,45.42,2418300
16-May-02,44.85,45.18,44.52,45.00,2272100
15-May-02,45.38,45.38,44.51,44.55,2210200
14-May-02,45.41,45.57,44.47,45.31,3432200
13-May-02,43.74,44.45,43.60,44.11,2412200
10-May-02,44.23,44.58,43.39,43.47,4264800
9-May-02,44.43,45.07,44.33,44.81,2411800
8-May-02,43.14,44.57,43.14,44.24,2822100
7-May-02,43.44,43.69,42.64,42.98,3633700
6-May-02,44.83,45.04,43.17,43.22,2519200
3-May-02,44.50,44.93,43.69,44.46,2119400
2-May-02,45.32,45.33,44.31,44.70,2616800
1-May-02,44.73,45.33,43.67,45.33,4288900
30-Apr-02,43.64,45.56,43.32,44.43,5521100
29-Apr-02,43.54,43.83,42.94,43.47,6451500
26-Apr-02,41.84,42.30,41.15,41.35,2785300
25-Apr-02,42.09,42.84,40.85,41.74,4308800
24-Apr-02,42.74,43.07,42.19,42.24,3312500
23-Apr-02,43.03,43.61,41.84,42.34,5398100
22-Apr-02,42.64,43.22,42.24,42.98,4359100
19-Apr-02,43.90,44.13,42.58,42.59,8358500
18-Apr-02,45.21,45.21,41.83,43.54,16723200
17-Apr-02,47.37,47.38,44.83,45.20,10684800
16-Apr-02,48.27,48.80,48.01,48.52,2105400
15-Apr-02,48.02,48.27,47.35,47.47,2017800
12-Apr-02,49.07,49.11,48.05,48.37,2058800
11-Apr-02,49.61,49.86,48.42,48.64,3757500
10-Apr-02,48.39,49.54,48.21,49.39,3434200
9-Apr-02,48.82,48.96,48.12,48.39,2183600
8-Apr-02,47.72,48.94,47.41,48.82,2403200
5-Apr-02,49.27,49.49,47.22,48.11,2654500
4-Apr-02,48.55,49.31,48.38,48.90,2660000
3-Apr-02,48.47,49.66,48.38,48.55,4754600
2-Apr-02,47.74,49.36,47.44,48.91,3427600
1-Apr-02,48.07,48.57,47.62,47.74,2996800
28-Mar-02,47.39,48.54,47.32,48.07,4088900
27-Mar-02,45.88,47.58,45.88,47.15,4907800
26-Mar-02,45.68,46.48,45.37,45.62,2276100
25-Mar-02,46.03,46.66,45.08,45.55,2528900
22-Mar-02,46.82,47.07,45.95,46.22,2989000
21-Mar-02,46.56,47.67,46.17,47.49,2708200
20-Mar-02,47.42,47.47,46.72,46.85,2393600
19-Mar-02,47.45,48.07,47.04,47.86,2768800
18-Mar-02,48.09,48.26,46.60,47.45,3092900
15-Mar-02,47.50,47.81,46.24,47.80,6360100
14-Mar-02,49.05,49.05,47.16,47.43,5426700
13-Mar-02,49.99,50.06,48.72,49.04,3415300
12-Mar-02,49.69,50.29,49.27,50.09,4091100
11-Mar-02,49.22,50.88,48.87,50.69,4624300
8-Mar-02,49.31,49.70,48.75,49.22,4340100
7-Mar-02,49.61,49.81,47.32,48.30,3859100
6-Mar-02,48.04,49.67,47.56,49.67,3690700
5-Mar-02,48.92,48.92,47.23,48.03,3606200
4-Mar-02,47.82,49.35,47.72,48.95,3743600
1-Mar-02,46.38,47.66,46.33,47.66,3936800
28-Feb-02,45.84,47.29,45.73,45.79,4099400
27-Feb-02,45.48,46.69,45.25,45.73,4545300
26-Feb-02,44.57,45.29,44.08,44.98,3880300
25-Feb-02,44.58,44.83,43.74,44.77,3310500
22-Feb-02,43.71,44.90,43.21,44.59,4148600
21-Feb-02,43.09,44.93,43.04,44.04,5014600
20-Feb-02,43.64,43.79,42.39,43.15,5053200
19-Feb-02,43.94,43.97,43.24,43.55,5718300
15-Feb-02,44.60,44.84,44.19,44.73,3735900
14-Feb-02,44.53,44.63,43.84,44.60,3145300
13-Feb-02,43.44,44.82,43.36,44.73,5587900
12-Feb-02,42.59,43.19,42.45,42.99,4444100
11-Feb-02,41.74,43.04,41.56,42.84,3976900
8-Feb-02,40.90,41.74,40.66,41.54,2557500
7-Feb-02,41.02,41.31,40.81,40.91,2139500
6-Feb-02,40.58,41.34,40.41,40.83,3395100
5-Feb-02,40.53,41.16,40.18,40.58,3253200
4-Feb-02,41.22,41.48,40.48,40.78,4489400
1-Feb-02,40.68,41.32,40.58,41.13,4728700
31-Jan-02,39.73,40.63,39.56,40.63,4390700
30-Jan-02,39.54,40.12,38.74,39.68,3244300
29-Jan-02,40.85,40.96,39.77,39.91,2640900
28-Jan-02,40.40,40.68,40.02,40.58,2010200
25-Jan-02,39.71,40.16,39.43,40.16,3090800
24-Jan-02,39.29,39.93,39.09,39.68,5671700
23-Jan-02,39.74,40.51,37.70,39.02,8882200
22-Jan-02,39.39,39.62,38.96,39.47,2796100
18-Jan-02,38.03,39.31,37.73,38.84,2805300
17-Jan-02,38.25,38.37,37.35,38.03,3092700
16-Jan-02,38.35,38.79,37.72,37.72,3783300
15-Jan-02,38.30,39.18,38.13,39.04,3246500
14-Jan-02,38.39,38.40,37.77,37.95,2721400
11-Jan-02,39.53,39.64,38.30,38.39,3433400
10-Jan-02,39.78,39.93,39.32,39.53,2722800
9-Jan-02,40.07,40.57,39.19,39.59,4574400
8-Jan-02,41.14,41.37,39.70,40.01,4211000
7-Jan-02,40.68,41.56,40.60,40.68,6111900
4-Jan-02,39.34,40.08,39.11,40.04,4081100
3-Jan-02,38.10,38.69,38.02,38.44,3491900
2-Jan-02,38.24,38.37,37.55,37.80,3545800
31-Dec-01,38.88,39.11,38.47,38.47,2308900
28-Dec-01,38.62,38.81,38.39,38.79,2348000
27-Dec-01,38.42,38.53,38.25,38.39,2171900
26-Dec-01,38.15,38.54,37.86,38.30,1921200
24-Dec-01,38.24,38.59,37.98,38.12,1245800
21-Dec-01,38.10,38.89,37.85,38.34,6929100
20-Dec-01,37.55,38.77,37.16,37.84,4437900
19-Dec-01,36.06,37.58,36.02,37.21,4767700
18-Dec-01,36.31,37.14,35.98,36.96,3166000
17-Dec-01,37.06,37.37,36.70,36.77,2757400
14-Dec-01,36.86,37.35,36.53,37.25,2517000
13-Dec-01,36.16,37.50,35.72,36.71,2712800
12-Dec-01,37.01,37.01,36.37,36.51,3972100
11-Dec-01,36.91,37.35,36.36,36.78,2886500
10-Dec-01,37.03,37.99,36.42,36.61,3852900
7-Dec-01,37.11,37.25,36.31,37.01,4499800
6-Dec-01,35.89,36.91,35.78,36.82,6270700
5-Dec-01,35.22,35.93,35.15,35.61,4650500
4-Dec-01,34.73,35.11,34.53,35.10,3200400
3-Dec-01,34.82,34.82,33.76,34.72,3092700
30-Nov-01,34.67,34.82,34.33,34.82,3630700
29-Nov-01,34.43,34.92,34.04,34.87,3437100
28-Nov-01,34.86,34.86,33.68,33.90,3843000
27-Nov-01,35.87,35.96,34.87,35.22,3347500
26-Nov-01,35.72,35.87,35.32,35.61,3381500
23-Nov-01,34.81,35.37,34.62,35.35,1168100
21-Nov-01,34.69,34.69,34.07,34.43,1957800
20-Nov-01,34.92,34.92,34.59,34.69,3457000
19-Nov-01,34.73,35.17,34.43,34.82,3807800
16-Nov-01,34.53,34.73,34.33,34.71,3909700
15-Nov-01,33.83,34.28,33.81,33.97,2919500
14-Nov-01,33.68,33.98,33.38,33.83,3694600
13-Nov-01,33.51,33.52,32.77,33.18,3117800
12-Nov-01,32.57,32.85,31.17,32.63,6359200
9-Nov-01,34.69,34.77,32.38,32.81,13761900
8-Nov-01,34.55,35.29,34.15,34.45,2847200
7-Nov-01,34.78,35.06,34.32,34.44,2988900
6-Nov-01,34.45,35.28,33.86,35.06,3370700
5-Nov-01,34.55,35.06,34.15,34.60,4373700
2-Nov-01,33.06,34.10,32.78,33.91,4565100
1-Nov-01,32.08,33.07,31.89,32.76,4550500
31-Oct-01,32.62,33.12,32.00,32.18,4590700
30-Oct-01,33.22,33.75,32.60,32.60,5458600
29-Oct-01,35.42,35.44,33.07,33.31,10025200
26-Oct-01,35.63,37.61,35.59,37.19,11519900
25-Oct-01,33.66,35.49,33.20,35.44,5211400
24-Oct-01,34.20,34.51,33.55,33.80,3792900
23-Oct-01,33.58,34.10,33.36,33.45,3913300
22-Oct-01,33.36,34.15,33.11,33.27,3398700
19-Oct-01,32.93,33.31,32.38,33.02,3233100
18-Oct-01,33.51,33.64,32.09,32.44,5471800
17-Oct-01,34.84,34.99,33.08,33.27,4089900
16-Oct-01,34.82,35.09,34.43,34.67,3418500
15-Oct-01,35.14,35.29,34.33,34.82,4322600
12-Oct-01,35.55,35.55,34.45,35.44,5105700
11-Oct-01,35.44,36.22,35.43,35.71,5386900
10-Oct-01,35.59,36.12,34.94,35.30,4520000
9-Oct-01,36.42,36.49,35.16,35.54,3430100
8-Oct-01,35.73,37.15,35.48,36.15,5169600
5-Oct-01,36.03,36.56,34.50,35.79,3972600
4-Oct-01,36.12,36.40,34.80,35.91,6461800
3-Oct-01,34.06,37.04,33.96,36.12,8582000
2-Oct-01,33.05,34.04,32.70,33.81,7077800
1-Oct-01,33.07,33.81,31.64,31.98,6921500
28-Sep-01,33.97,33.97,32.48,33.07,6780600
27-Sep-01,33.46,34.14,31.69,33.96,9015900
26-Sep-01,34.10,34.20,32.92,33.85,6368500
25-Sep-01,32.82,34.04,32.34,33.89,10210700
24-Sep-01,29.70,32.96,29.70,32.38,14101600
21-Sep-01,27.89,29.91,27.24,29.71,13526500
20-Sep-01,31.62,31.82,29.37,29.38,12043800
19-Sep-01,31.59,33.37,31.52,32.19,15145000
18-Sep-01,35.34,35.69,31.59,32.71,16794700
17-Sep-01,35.19,38.20,34.99,35.34,21271400
10-Sep-01,44.32,45.36,42.90,42.90,6618500
7-Sep-01,47.18,47.38,44.21,44.60,8116200
6-Sep-01,49.45,49.80,47.83,48.21,3942700
5-Sep-01,49.55,50.59,49.26,49.96,3355600
4-Sep-01,49.11,51.30,48.81,49.31,3245700
31-Aug-01,49.85,50.54,49.61,50.54,1939700
30-Aug-01,50.05,50.49,49.52,49.85,2545200
29-Aug-01,51.13,51.33,49.86,50.05,3541600
28-Aug-01,52.32,52.52,50.89,50.98,4484400
27-Aug-01,53.21,53.21,52.33,52.38,1694300
24-Aug-01,51.67,53.25,51.63,52.94,2351900
23-Aug-01,51.43,51.82,51.33,51.50,1604200
22-Aug-01,51.27,51.92,51.11,51.63,4197800
21-Aug-01,52.58,52.62,51.27,51.27,3330300
20-Aug-01,53.06,53.11,52.12,52.65,3248000
17-Aug-01,54.29,54.29,52.71,53.30,2413700
16-Aug-01,53.40,54.42,53.10,54.42,2962100
15-Aug-01,54.83,55.38,53.69,53.74,3336500
14-Aug-01,55.55,55.80,54.96,55.00,2119000
13-Aug-01,55.65,56.33,55.26,55.55,1641800
10-Aug-01,55.61,56.02,55.22,55.95,2330500
9-Aug-01,55.61,56.13,54.99,55.46,3755500
8-Aug-01,56.24,56.76,55.42,55.71,2982800
7-Aug-01,56.53,56.81,55.60,56.59,4131900
6-Aug-01,58.06,58.85,57.41,57.47,2732600
3-Aug-01,57.88,58.31,57.63,58.27,1947300
2-Aug-01,58.55,58.80,57.39,57.88,2348200
1-Aug-01,57.72,58.40,57.59,58.06,2175100
31-Jul-01,56.29,57.86,56.21,57.60,2661300
30-Jul-01,57.71,57.96,56.49,56.49,2634300
27-Jul-01,57.03,57.96,57.03,57.22,2612400
26-Jul-01,55.65,57.26,55.62,57.19,2311300
25-Jul-01,55.07,55.95,54.93,55.77,1590500
24-Jul-01,55.70,55.70,54.31,54.38,2178000
23-Jul-01,56.18,56.34,55.16,55.36,2123900
20-Jul-01,55.49,56.24,55.38,55.89,1834100
19-Jul-01,56.50,57.03,54.81,55.49,3427200
18-Jul-01,56.68,56.68,54.17,56.22,5456400
17-Jul-01,54.52,55.82,54.52,55.40,3848400
16-Jul-01,53.75,54.51,53.22,54.40,1950800
13-Jul-01,53.62,54.33,52.92,54.19,1639000
12-Jul-01,52.55,53.92,52.41,53.63,3217800
11-Jul-01,53.14,53.35,52.06,52.06,3300000
10-Jul-01,52.88,53.75,52.34,53.29,4709600
9-Jul-01,52.99,53.16,51.71,51.99,5602100
6-Jul-01,54.17,54.60,52.92,53.44,4111300
5-Jul-01,55.80,55.82,54.27,54.35,3141600
3-Jul-01,55.46,56.15,55.26,55.43,2202600
2-Jul-01,55.70,56.31,55.40,55.46,3333200
29-Jun-01,55.99,56.59,54.70,54.72,4835800
28-Jun-01,56.39,57.45,55.98,56.33,4013500
27-Jun-01,56.11,57.12,55.98,56.78,3117600
26-Jun-01,55.80,56.90,55.16,56.11,4629500
25-Jun-01,56.04,56.86,55.49,56.05,5424700
22-Jun-01,56.83,56.96,54.52,56.09,6131500
21-Jun-01,59.05,59.05,55.80,56.83,9721900
20-Jun-01,60.82,61.85,59.42,60.14,5950700
19-Jun-01,63.67,63.85,60.56,60.82,4464100
18-Jun-01,63.82,63.96,63.39,63.85,2425600
15-Jun-01,62.79,63.48,62.71,63.23,5906700
14-Jun-01,64.45,64.45,62.31,62.55,3756600
13-Jun-01,64.56,65.43,64.36,64.45,2164000
12-Jun-01,63.28,65.09,63.18,64.67,3116800
11-Jun-01,63.56,63.72,62.66,63.47,1662300
8-Jun-01,64.58,64.58,63.08,63.56,2250000
7-Jun-01,64.90,65.01,64.08,64.61,2176200
6-Jun-01,65.10,65.21,64.68,65.05,3493500
5-Jun-01,65.96,66.48,65.64,65.87,3385500
4-Jun-01,63.87,65.64,63.87,64.98,2465900
1-Jun-01,62.00,64.53,61.90,63.97,3301500
31-May-01,62.29,62.39,61.34,61.89,2653000
30-May-01,62.56,62.93,61.80,62.05,3197700
29-May-01,62.49,62.88,62.20,62.52,2271400
25-May-01,63.87,63.87,61.90,62.32,3187800
24-May-01,65.15,66.39,63.03,64.16,4253400
23-May-01,66.33,66.57,64.95,64.95,3687500
22-May-01,67.02,67.85,66.43,66.92,2812700
21-May-01,66.82,67.66,66.79,67.60,1554800
18-May-01,67.70,67.80,66.89,67.26,3360700
17-May-01,65.69,68.74,65.50,67.70,6050600
16-May-01,65.54,65.69,64.61,65.69,3985800
15-May-01,64.97,65.64,64.40,65.53,2684000
14-May-01,64.95,65.69,64.82,65.68,1399700
11-May-01,64.92,65.37,64.26,64.96,1659000
10-May-01,64.51,64.95,64.12,64.90,2441900
9-May-01,63.03,64.47,62.98,63.97,2575400
8-May-01,63.31,63.99,63.11,63.44,2663200
7-May-01,63.50,64.06,63.06,63.49,2149200
4-May-01,61.98,63.80,61.84,63.31,2391200
3-May-01,62.57,63.01,61.55,62.82,2171400
2-May-01,62.50,63.11,62.08,62.82,3346200
1-May-01,61.54,63.29,61.54,62.26,4773800
30-Apr-01,61.25,62.97,60.66,60.66,3112800
27-Apr-01,59.79,60.66,59.72,60.47,2141800
26-Apr-01,58.98,60.07,58.67,59.85,3036600
25-Apr-01,58.84,59.29,58.79,59.22,3228400
24-Apr-01,58.89,60.98,58.89,59.68,3094100
23-Apr-01,59.77,60.15,58.51,59.03,4319900
20-Apr-01,60.76,63.71,59.38,60.56,7352100
19-Apr-01,60.34,60.48,58.45,59.51,3551000
18-Apr-01,59.72,62.55,59.58,60.17,3078200
17-Apr-01,58.65,59.48,57.91,59.48,2258600
16-Apr-01,59.14,59.85,58.09,58.65,2145500
12-Apr-01,57.86,59.38,57.54,59.38,1607300
11-Apr-01,59.45,59.87,57.42,58.03,3980800
10-Apr-01,57.03,59.08,56.76,58.71,4486300
9-Apr-01,55.01,56.67,54.96,55.82,2549800
6-Apr-01,54.96,55.60,54.30,54.94,2785500
5-Apr-01,54.96,56.44,54.81,55.76,2704800
4-Apr-01,53.49,54.18,52.92,53.62,2954700
3-Apr-01,54.42,54.42,53.11,53.60,3337500
2-Apr-01,54.38,55.55,53.52,54.00,3182600
30-Mar-01,54.38,56.21,54.29,54.68,3742700
29-Mar-01,53.54,55.26,53.25,54.92,2814300
28-Mar-01,53.59,54.16,53.00,53.98,2861600
27-Mar-01,54.29,55.20,53.25,54.18,3634800
26-Mar-01,52.56,55.13,52.56,54.42,4780200
23-Mar-01,51.77,52.45,50.65,52.02,4632500
22-Mar-01,52.12,52.36,48.78,51.04,6703700
21-Mar-01,53.59,54.38,52.22,52.85,3758400
20-Mar-01,55.55,56.13,53.75,53.98,4360500
19-Mar-01,53.56,55.21,52.76,54.98,6193500
16-Mar-01,54.60,55.16,51.87,52.76,11244000
15-Mar-01,56.95,56.95,54.48,55.06,5186800
14-Mar-01,58.40,58.41,55.78,56.95,6086000
13-Mar-01,60.86,61.83,58.95,59.45,4802100
12-Mar-01,63.01,63.13,59.83,59.87,4324900
9-Mar-01,63.26,64.39,63.01,64.29,2721500
8-Mar-01,62.82,63.99,62.38,63.55,4227400
7-Mar-01,60.80,63.02,60.73,62.91,3475800
6-Mar-01,60.90,61.43,60.16,60.98,2783400
5-Mar-01,58.79,61.00,58.77,60.77,2814700
2-Mar-01,58.45,60.31,57.22,58.99,3796100
1-Mar-01,60.71,60.72,57.52,58.55,4226100
28-Feb-01,62.62,62.65,60.84,61.05,3053200
27-Feb-01,61.15,62.72,60.85,62.52,2993000
26-Feb-01,60.31,61.81,59.89,61.60,1854600
23-Feb-01,59.85,60.61,59.43,60.47,2267000
22-Feb-01,59.09,61.08,59.09,60.15,2767600
21-Feb-01,60.71,61.23,59.04,59.09,2299500
20-Feb-01,59.23,61.64,59.04,60.71,3144600
16-Feb-01,58.69,59.49,58.53,58.88,2934600
15-Feb-01,59.47,59.64,57.75,59.04,2569700
14-Feb-01,60.58,60.79,59.22,59.47,3697900
13-Feb-01,58.00,60.25,58.00,59.60,4984900
12-Feb-01,57.57,58.01,57.13,57.98,2875500
9-Feb-01,56.63,57.09,55.73,56.28,2017300
8-Feb-01,56.29,57.18,56.06,56.45,2802100
7-Feb-01,55.90,56.82,55.60,56.39,2182900
6-Feb-01,56.64,57.21,55.26,55.51,2367000
5-Feb-01,55.51,56.80,55.21,56.69,2188100
2-Feb-01,55.75,56.27,54.84,55.63,2121700
1-Feb-01,56.76,57.25,54.86,55.31,4105500
31-Jan-01,55.29,57.65,55.29,57.25,3614900
30-Jan-01,55.25,55.38,53.39,54.95,3703800
29-Jan-01,56.46,56.75,55.10,55.25,2364700
26-Jan-01,57.49,58.41,56.27,56.82,2300200
25-Jan-01,55.29,58.41,55.29,57.98,3684000
24-Jan-01,55.66,56.76,55.66,56.21,2998400
23-Jan-01,55.72,56.76,54.98,56.27,4417400
22-Jan-01,55.11,55.66,54.49,54.80,3605600
19-Jan-01,56.15,56.21,54.31,54.49,4295900
18-Jan-01,55.29,56.76,54.43,56.15,6047900
17-Jan-01,61.10,61.34,57.00,57.49,6608400
16-Jan-01,58.65,60.30,58.22,59.69,3274400
12-Jan-01,58.29,59.39,57.31,59.33,3161000
11-Jan-01,58.71,59.45,57.74,57.86,3385300
10-Jan-01,57.12,59.57,57.06,59.08,3674200
9-Jan-01,57.74,57.74,55.96,57.67,4372800
8-Jan-01,57.49,59.20,57.43,57.74,3055100
5-Jan-01,60.06,60.18,56.88,57.49,4012600
4-Jan-01,62.63,62.81,58.96,59.69,3868900
3-Jan-01,59.45,62.38,57.92,61.22,6428600
2-Jan-01,63.48,63.91,59.26,60.67,3762500
29-Dec-00,64.46,65.32,64.22,64.59,2554100
28-Dec-00,62.63,65.56,62.38,64.04,2486100
27-Dec-00,60.92,63.48,60.92,62.69,2725700
26-Dec-00,62.51,63.12,60.92,61.65,2366700
22-Dec-00,62.81,63.61,60.12,62.08,4071700
21-Dec-00,63.36,63.61,61.22,63.24,4725400
20-Dec-00,64.71,65.01,62.69,63.61,4112700
19-Dec-00,66.42,67.15,64.71,64.95,4316400
18-Dec-00,64.59,68.44,64.59,67.03,4230000
15-Dec-00,64.46,65.26,63.36,63.48,6340900
14-Dec-00,65.93,67.46,65.07,65.81,3369700
13-Dec-00,67.28,68.32,66.30,66.42,2366600
12-Dec-00,66.67,68.93,66.67,67.64,3167400
11-Dec-00,68.19,69.11,66.91,66.91,3801300
8-Dec-00,66.11,69.42,65.99,68.44,5179900
7-Dec-00,65.69,66.67,65.38,65.38,2295400
6-Dec-00,67.46,67.95,65.38,65.93,4597700
5-Dec-00,64.52,68.68,63.12,67.46,6336500
4-Dec-00,64.40,64.40,62.32,63.42,5211000
1-Dec-00,67.22,67.22,63.79,64.40,4419900
30-Nov-00,67.95,68.19,66.11,67.58,4248500
29-Nov-00,65.01,68.50,64.77,68.44,6378700
28-Nov-00,65.87,66.73,64.83,66.05,3248900
27-Nov-00,65.56,66.54,65.56,65.93,2781400
24-Nov-00,64.59,65.38,64.16,64.28,1122400
22-Nov-00,66.67,66.97,63.48,63.73,4296000
21-Nov-00,63.91,68.01,63.91,67.15,5734000
20-Nov-00,63.61,65.07,63.61,64.16,2503900
17-Nov-00,64.34,65.38,63.67,63.97,3529100
16-Nov-00,62.20,64.95,62.20,64.40,3557500
15-Nov-00,62.38,62.44,61.34,62.20,3139900
14-Nov-00,61.71,63.42,61.71,63.00,3553800
13-Nov-00,60.79,62.26,60.61,61.47,2943400
10-Nov-00,64.04,64.34,61.89,62.14,2847400
9-Nov-00,63.48,64.52,63.06,64.28,2060100
8-Nov-00,63.79,64.71,63.12,63.61,1600600
7-Nov-00,63.96,64.39,63.53,63.65,3030800
6-Nov-00,62.92,64.81,62.49,64.51,3610300
3-Nov-00,64.63,65.18,63.96,64.51,2743700
2-Nov-00,63.84,65.42,62.31,64.57,5114500
1-Nov-00,65.97,66.22,63.59,64.20,5589600
31-Oct-00,63.17,66.28,62.56,66.22,4700800
30-Oct-00,62.25,63.65,62.19,63.17,4779200
27-Oct-00,61.58,62.31,61.52,62.25,2632700
26-Oct-00,60.54,62.13,60.42,61.58,4459800
25-Oct-00,59.69,62.43,59.69,61.09,5929900
24-Oct-00,59.44,60.48,59.20,59.56,4174700
23-Oct-00,59.08,60.54,58.65,59.81,5692500
20-Oct-00,57.00,58.83,56.45,58.59,3795000
19-Oct-00,59.56,59.75,55.96,57.06,6481600
18-Oct-00,57.12,60.05,57.00,59.32,4731100
17-Oct-00,58.77,59.99,57.25,59.08,2909800
16-Oct-00,58.22,59.63,58.04,58.77,2649100
13-Oct-00,54.68,58.89,54.62,57.37,4701200
12-Oct-00,58.53,58.89,52.73,54.80,8935800
11-Oct-00,57.61,59.81,57.43,58.77,2960800
10-Oct-00,58.22,58.71,57.67,58.16,2501200
9-Oct-00,58.83,59.26,57.86,58.04,2180100
6-Oct-00,59.75,60.72,59.08,59.56,3067100
5-Oct-00,59.63,61.52,58.83,59.63,4121900
4-Oct-00,58.10,60.97,58.10,59.69,5019200
3-Oct-00,57.61,58.89,57.61,58.47,5017300
2-Oct-00,59.56,59.81,55.90,57.06,9280800
29-Sep-00,61.15,62.98,59.20,62.98,5010700
28-Sep-00,62.37,63.84,62.13,62.98,6746600
27-Sep-00,64.20,64.94,61.88,63.04,7540100
26-Sep-00,61.64,65.36,61.33,64.51,7072100
25-Sep-00,62.25,62.80,60.30,62.37,5343300
22-Sep-00,58.34,62.80,57.61,62.01,6837500
21-Sep-00,58.10,59.26,57.86,58.59,6181200
20-Sep-00,55.66,58.65,55.60,57.67,6389400
19-Sep-00,55.29,56.21,54.93,55.41,4221300
18-Sep-00,55.41,57.18,55.29,55.60,3178700
15-Sep-00,56.51,57.79,55.41,55.54,5906200
14-Sep-00,57.49,57.49,56.33,57.00,4277100
13-Sep-00,57.49,58.71,57.37,58.04,4108800
12-Sep-00,57.37,58.65,56.76,57.61,5650100
11-Sep-00,56.51,58.04,56.33,57.25,4335700
8-Sep-00,57.25,57.61,56.27,56.76,6699000
7-Sep-00,55.66,58.53,55.66,57.12,10908200
6-Sep-00,54.32,57.25,54.26,56.45,7974100
5-Sep-00,52.73,54.93,52.73,54.13,3704900
1-Sep-00,52.55,54.93,52.49,53.46,5092500
31-Aug-00,51.02,53.58,51.02,52.38,3762800
30-Aug-00,50.90,51.75,50.72,51.26,3673400
29-Aug-00,51.69,51.87,51.02,51.08,4000400
28-Aug-00,52.12,52.73,51.69,52.00,4972200
25-Aug-00,52.24,53.22,52.12,52.85,7671400
24-Aug-00,49.07,52.73,49.01,52.36,10890300
23-Aug-00,47.72,49.74,47.72,49.37,6971500
22-Aug-00,46.63,48.27,46.50,48.15,4683200
21-Aug-00,44.86,47.11,44.43,46.63,4090800
18-Aug-00,44.86,44.98,44.25,44.61,4070600
17-Aug-00,44.80,45.04,44.67,44.80,2810800
16-Aug-00,45.77,45.77,44.80,45.10,6353200
15-Aug-00,47.42,47.60,46.14,46.14,3963800
14-Aug-00,48.46,48.70,48.15,48.34,2855800
11-Aug-00,47.36,48.76,47.36,48.46,3283700
10-Aug-00,46.44,47.72,46.44,47.72,2544700
9-Aug-00,47.48,47.48,46.02,46.63,4282500
8-Aug-00,47.34,47.89,47.10,47.28,3384000
7-Aug-00,47.65,48.20,47.22,47.77,2113900
4-Aug-00,47.71,47.83,47.04,47.71,2419800
3-Aug-00,48.26,48.62,47.53,47.71,3226900
2-Aug-00,47.59,48.62,47.59,48.56,4383700
1-Aug-00,47.59,48.20,47.40,47.40,3226800
31-Jul-00,47.22,47.95,47.16,47.53,4481100
28-Jul-00,46.92,47.83,46.67,47.53,3930300
27-Jul-00,46.98,48.13,46.92,46.98,3898500
26-Jul-00,47.71,48.13,46.43,46.74,5444400
25-Jul-00,46.74,48.93,46.61,47.34,8836600
24-Jul-00,45.46,46.98,45.46,46.86,5027400
21-Jul-00,44.79,46.07,44.61,45.58,7622000
20-Jul-00,44.79,45.03,44.00,44.85,5034000
19-Jul-00,43.81,44.97,42.90,44.67,7490900
18-Jul-00,42.84,44.06,42.17,43.94,4783100
17-Jul-00,43.27,43.27,42.29,42.81,2497700
14-Jul-00,43.57,43.94,43.15,43.27,3472100
13-Jul-00,42.96,43.81,42.96,43.39,3452700
12-Jul-00,42.78,43.21,42.54,42.72,2228800
11-Jul-00,41.99,43.57,41.93,43.15,3815200
10-Jul-00,42.72,42.84,41.87,41.87,2834200
7-Jul-00,41.99,42.90,41.93,42.60,4256800
6-Jul-00,41.75,42.05,41.44,41.87,3665200
5-Jul-00,41.02,42.23,40.95,41.68,4990900
3-Jul-00,40.53,40.83,40.35,40.59,1232300
30-Jun-00,39.92,41.14,39.92,40.71,4823600
29-Jun-00,39.62,40.41,39.43,39.86,3364100
28-Jun-00,39.31,40.53,39.19,39.46,3847800
27-Jun-00,38.46,39.19,38.28,38.95,2845500
26-Jun-00,38.46,38.95,38.46,38.70,2666600
23-Jun-00,38.46,39.07,38.34,38.82,1984700
22-Jun-00,38.70,38.89,37.73,37.91,2102400
21-Jun-00,38.40,39.07,38.03,38.76,2538000
20-Jun-00,37.85,38.64,37.30,38.28,2827400
19-Jun-00,38.34,38.52,37.55,37.97,3962300
16-Jun-00,39.07,39.31,37.79,38.22,4919000
15-Jun-00,38.46,39.92,38.22,39.31,6346900
14-Jun-00,37.49,38.34,37.36,37.79,2836500
13-Jun-00,37.00,37.85,36.69,37.79,2599400
12-Jun-00,37.61,38.03,37.06,37.12,1553800
9-Jun-00,37.73,38.64,37.61,38.16,2714200
8-Jun-00,37.49,37.61,36.69,37.18,2481700
7-Jun-00,38.64,38.95,37.49,37.55,2843100
6-Jun-00,38.16,39.13,38.03,38.82,2945300
5-Jun-00,38.09,38.40,37.55,37.91,2478000
2-Jun-00,39.01,39.49,38.46,38.82,3449500
1-Jun-00,38.52,39.19,38.28,39.19,2322800
31-May-00,38.52,38.58,37.97,38.03,2198600
30-May-00,37.73,38.64,37.55,38.52,2325300
26-May-00,37.00,37.91,37.00,37.24,2102100
25-May-00,37.61,37.67,36.88,37.36,3027300
24-May-00,36.27,37.97,36.21,37.85,4642600
23-May-00,35.66,36.94,35.66,36.15,2851600
22-May-00,36.39,36.69,35.29,35.60,2984100
19-May-00,36.03,36.39,35.29,35.96,2193900
18-May-00,36.15,36.76,36.15,36.63,2050100
17-May-00,36.03,36.51,35.60,36.39,2739800
16-May-00,36.21,36.88,35.78,36.39,3815700
15-May-00,35.66,36.51,35.48,36.21,2913500
12-May-00,36.63,36.63,36.09,36.21,2455200
11-May-00,36.15,37.18,36.09,36.33,2947200
10-May-00,36.76,36.94,35.60,35.90,4880400
9-May-00,37.35,38.02,36.98,37.17,2567300
8-May-00,37.83,38.32,37.05,37.11,3146400
5-May-00,36.86,38.68,36.80,38.32,2794900
4-May-00,37.11,38.14,36.68,37.05,2981100
