Date,Open,High,Low,Close,Volume
2-Aug-02,30.05,30.12,28.02,28.60,3484500
1-Aug-02,31.80,31.80,29.76,30.00,4108500
31-Jul-02,30.13,31.78,30.07,31.70,6900700
30-Jul-02,29.50,30.40,27.55,29.93,11051900
29-Jul-02,30.50,32.35,28.40,29.35,10424700
26-Jul-02,33.75,33.75,30.25,30.50,9583400
25-Jul-02,32.50,34.36,30.99,32.39,7287700
24-Jul-02,28.00,34.00,26.55,33.31,11891400
23-Jul-02,34.31,34.55,30.20,30.99,8538700
22-Jul-02,35.75,37.00,34.10,34.10,9413900
19-Jul-02,33.48,37.20,33.15,35.21,9753600
18-Jul-02,30.40,34.20,29.99,33.31,19137700
17-Jul-02,33.50,41.62,29.99,30.48,42710700
16-Jul-02,50.75,51.91,49.32,50.60,4018300
15-Jul-02,51.10,51.15,48.20,51.11,4137000
12-Jul-02,50.80,52.59,49.55,51.50,4496800
11-Jul-02,51.60,51.62,48.64,50.42,8591300
10-Jul-02,56.04,56.80,51.35,51.41,9166900
9-Jul-02,57.60,58.00,55.45,55.45,3166900
8-Jul-02,59.60,60.65,57.76,58.03,2865100
5-Jul-02,58.10,60.30,57.90,59.95,1062800
3-Jul-02,56.00,57.48,54.91,57.48,2423800
2-Jul-02,58.54,58.54,56.70,56.75,2676200
1-Jul-02,60.80,61.10,58.28,58.53,2861900
28-Jun-02,59.11,61.90,59.00,61.05,3068400
27-Jun-02,57.85,59.25,57.25,59.10,2676800
26-Jun-02,56.45,57.10,55.61,56.80,2648400
25-Jun-02,58.04,59.98,57.50,57.56,2031500
24-Jun-02,56.60,59.00,55.23,58.04,2576000
21-Jun-02,56.80,57.40,56.24,57.35,2135700
20-Jun-02,58.72,58.72,56.95,57.05,2878600
19-Jun-02,59.00,59.35,58.30,58.72,2835800
18-Jun-02,59.00,60.09,58.80,59.79,2655100
17-Jun-02,56.90,59.60,56.80,59.60,3582400
14-Jun-02,54.20,55.74,52.00,55.63,3653300
13-Jun-02,57.10,57.10,54.61,55.27,3994500
12-Jun-02,59.10,59.20,56.38,57.00,4014000
11-Jun-02,60.30,61.24,58.84,58.99,1794600
10-Jun-02,60.10,60.15,58.58,59.80,1666700
7-Jun-02,59.00,60.19,58.27,60.00,1925600
6-Jun-02,60.50,60.63,59.49,59.78,1718300
5-Jun-02,59.25,60.74,59.25,60.45,1777400
4-Jun-02,60.45,60.55,58.55,59.23,3303400
3-Jun-02,62.10,62.85,60.52,60.53,1613600
31-May-02,61.75,63.00,61.70,62.44,1381100
30-May-02,62.00,62.24,61.45,62.07,1539400
29-May-02,61.50,62.90,61.41,62.24,1613200
28-May-02,63.40,63.60,61.53,61.61,1986400
24-May-02,63.09,63.75,62.88,63.45,1053000
23-May-02,62.36,63.35,61.89,63.34,1348700
22-May-02,61.75,62.40,61.24,62.35,1180300
21-May-02,63.60,63.70,61.44,62.00,2021500
20-May-02,64.20,64.43,62.71,62.79,1723600
17-May-02,63.95,64.32,63.10,64.20,1906000
16-May-02,64.30,64.34,62.52,63.95,2755300
15-May-02,64.25,64.47,63.35,64.47,1767400
14-May-02,64.25,64.93,62.95,64.65,2604200
13-May-02,61.25,62.38,60.63,62.02,1961600
10-May-02,60.53,61.99,60.00,60.30,3007200
9-May-02,61.90,62.00,60.50,60.52,1688200
8-May-02,60.00,62.70,59.95,62.51,2957000
7-May-02,58.15,59.27,57.81,58.30,2228600
6-May-02,59.55,60.16,57.40,57.40,2271900
3-May-02,59.97,60.17,59.22,59.71,2376700
2-May-02,59.28,60.67,58.91,60.51,3161700
1-May-02,59.52,59.71,57.17,59.27,3527700
30-Apr-02,59.04,60.27,59.04,59.86,3957300
29-Apr-02,61.97,62.02,58.52,58.72,4859700
26-Apr-02,63.09,63.57,61.87,62.02,2306100
25-Apr-02,64.38,64.38,62.51,62.85,3273000
24-Apr-02,65.42,65.82,63.87,64.37,3392400
23-Apr-02,64.67,66.03,64.53,65.47,2715800
22-Apr-02,64.97,65.81,64.49,64.95,2912800
19-Apr-02,65.37,65.77,64.62,65.72,2677300
18-Apr-02,63.97,65.13,63.77,65.06,6550800
17-Apr-02,63.73,66.47,63.14,63.88,9603900
16-Apr-02,62.47,63.96,62.47,63.73,2077600
15-Apr-02,62.97,63.32,61.72,61.94,1231700
12-Apr-02,62.77,63.40,62.17,62.42,2158700
11-Apr-02,64.37,64.97,61.57,62.25,3164000
10-Apr-02,63.97,64.41,63.14,64.37,2042200
9-Apr-02,63.07,64.36,62.73,62.97,2032100
8-Apr-02,60.97,62.77,60.92,62.73,1936800
5-Apr-02,62.07,63.12,61.22,61.43,2762000
4-Apr-02,60.97,62.07,60.87,61.71,2287800
3-Apr-02,63.86,63.87,61.37,61.92,2868000
2-Apr-02,63.32,64.96,63.12,63.96,2952000
1-Apr-02,63.82,64.97,62.42,63.57,1388900
28-Mar-02,63.89,64.88,62.92,63.82,1734900
27-Mar-02,62.72,63.89,62.49,63.89,1968400
26-Mar-02,60.54,63.00,60.54,62.72,2962800
25-Mar-02,63.22,63.52,60.31,60.51,2874000
22-Mar-02,62.24,63.77,61.78,63.34,2243500
21-Mar-02,62.12,62.34,60.72,62.24,1871100
20-Mar-02,63.27,63.46,61.97,62.12,2061200
19-Mar-02,62.77,64.07,62.62,63.78,2997900
18-Mar-02,62.03,63.27,61.72,62.45,2696100
15-Mar-02,59.97,62.12,59.95,62.02,2054600
14-Mar-02,59.67,60.22,59.16,59.74,2615500
13-Mar-02,60.37,60.57,59.37,59.57,3936400
12-Mar-02,59.87,61.62,59.77,61.01,4910300
11-Mar-02,58.77,61.37,58.77,60.84,5468000
8-Mar-02,59.97,60.17,57.79,58.43,5095100
7-Mar-02,58.17,58.42,57.57,58.16,4739000
6-Mar-02,55.82,57.42,55.74,57.07,3472800
5-Mar-02,54.58,57.67,54.49,56.17,6296800
4-Mar-02,52.48,55.40,52.43,55.18,5637900
1-Mar-02,49.43,50.98,48.83,50.57,2170800
28-Feb-02,49.08,50.28,49.02,49.25,3114700
27-Feb-02,48.23,49.88,48.08,48.88,3261400
26-Feb-02,46.88,47.63,45.73,47.36,2458300
25-Feb-02,44.13,46.98,44.13,46.98,2674100
22-Feb-02,45.03,45.18,43.17,44.07,3494400
21-Feb-02,46.43,46.77,44.52,44.88,2645600
20-Feb-02,45.58,46.82,44.48,46.69,2183600
19-Feb-02,45.33,46.33,44.99,45.36,2430900
15-Feb-02,47.88,47.88,45.34,45.97,4105600
14-Feb-02,48.23,49.11,47.23,47.44,2994500
13-Feb-02,48.28,49.18,48.23,48.73,2658600
12-Feb-02,46.73,48.32,46.48,47.58,4064300
11-Feb-02,46.73,46.74,45.03,45.66,5094500
8-Feb-02,46.14,47.80,46.14,47.50,3133400
7-Feb-02,43.93,47.73,43.48,46.14,4802100
6-Feb-02,44.88,44.98,42.99,44.40,4791500
5-Feb-02,45.55,45.96,43.65,44.50,4410700
4-Feb-02,47.40,47.41,45.00,45.51,4832500
1-Feb-02,49.30,49.35,47.21,48.36,5172500
31-Jan-02,47.97,50.12,47.82,50.12,3481200
30-Jan-02,47.45,49.03,44.81,47.85,8720300
29-Jan-02,51.21,51.21,46.70,47.06,6817300
28-Jan-02,51.53,52.09,50.50,51.21,4242200
25-Jan-02,52.59,53.37,52.59,53.19,1577400
24-Jan-02,51.99,53.44,51.99,52.64,2287900
23-Jan-02,53.10,53.43,51.94,51.94,2612800
22-Jan-02,53.94,54.42,53.04,53.10,2323000
18-Jan-02,54.69,55.29,54.44,54.78,2509500
17-Jan-02,54.69,55.84,54.29,55.34,2818000
16-Jan-02,53.54,55.44,52.80,54.30,4675500
15-Jan-02,52.34,54.43,52.19,53.49,2831500
14-Jan-02,52.16,52.94,51.85,52.24,1801000
11-Jan-02,53.34,53.35,52.14,52.36,2088100
10-Jan-02,54.09,54.89,52.94,53.39,2632200
9-Jan-02,54.59,54.80,53.74,54.14,2122000
8-Jan-02,55.24,55.24,53.75,54.35,3797500
7-Jan-02,55.94,57.74,55.09,55.24,3080400
4-Jan-02,54.94,56.99,54.69,56.84,3416400
3-Jan-02,53.17,53.92,52.64,53.30,1944000
2-Jan-02,54.09,54.09,52.14,53.06,1951800
31-Dec-01,54.67,55.14,53.82,53.89,1836400
28-Dec-01,52.74,55.00,52.74,54.67,2214200
27-Dec-01,51.25,53.23,51.25,52.74,1255400
26-Dec-01,50.30,51.66,50.20,51.29,1385600
24-Dec-01,50.35,50.77,50.25,50.33,376900
21-Dec-01,51.50,51.50,50.17,50.30,2123300
20-Dec-01,51.66,52.44,51.07,51.25,2348000
19-Dec-01,50.04,52.14,49.85,51.65,2115800
18-Dec-01,49.58,50.65,49.43,50.03,1829700
17-Dec-01,47.95,49.78,47.85,48.90,1462000
14-Dec-01,48.35,48.95,46.45,47.84,2486900
13-Dec-01,49.05,49.83,48.20,48.25,2299800
12-Dec-01,50.40,50.50,48.45,49.48,3516000
11-Dec-01,50.95,52.19,50.65,51.03,2622100
10-Dec-01,51.45,51.89,49.95,50.05,1808100
7-Dec-01,52.44,52.79,51.40,52.01,2311000
6-Dec-01,51.45,53.84,51.40,53.45,2081000
5-Dec-01,50.00,52.44,50.00,51.30,1798000
4-Dec-01,49.20,50.20,48.69,50.10,2823100
3-Dec-01,49.35,49.36,48.15,48.50,2979700
30-Nov-01,50.15,51.15,49.95,49.98,3406700
29-Nov-01,51.99,52.44,51.45,51.45,2321600
28-Nov-01,54.14,54.15,51.94,51.99,1778000
27-Nov-01,52.75,54.94,52.75,54.39,2820900
26-Nov-01,52.49,53.14,51.70,53.00,1562200
23-Nov-01,50.36,52.06,50.30,51.99,1016500
21-Nov-01,51.08,51.45,49.61,50.35,2665100
20-Nov-01,51.81,51.81,50.75,51.07,2396900
19-Nov-01,51.85,53.06,50.73,51.80,2905500
16-Nov-01,52.96,53.59,51.05,51.85,4056200
15-Nov-01,53.39,55.54,53.14,54.57,3194500
14-Nov-01,54.14,54.54,53.57,54.44,3344000
13-Nov-01,52.54,54.18,51.85,53.82,3612200
12-Nov-01,50.61,51.94,49.10,51.75,2893700
9-Nov-01,49.95,51.25,48.76,50.60,2696700
8-Nov-01,49.95,53.94,49.61,49.95,4889500
7-Nov-01,46.95,49.96,46.70,49.71,4651500
6-Nov-01,44.90,47.55,44.45,47.08,3503500
5-Nov-01,43.96,45.15,43.96,44.70,1725200
2-Nov-01,43.33,44.47,42.57,43.97,3302100
1-Nov-01,41.73,44.13,41.18,43.38,5986100
31-Oct-01,43.53,43.73,40.93,41.24,5972100
30-Oct-01,44.33,44.42,42.93,43.49,2939600
29-Oct-01,45.52,45.53,44.43,44.44,4057100
26-Oct-01,44.74,46.60,44.35,46.04,3480200
25-Oct-01,45.67,46.27,42.93,44.74,6485600
24-Oct-01,47.53,47.67,45.22,45.77,5314500
23-Oct-01,47.58,48.30,47.02,47.52,2988400
22-Oct-01,47.72,48.97,46.68,47.57,4494800
19-Oct-01,47.67,48.15,45.42,47.59,7443300
18-Oct-01,48.27,49.27,47.64,48.57,3286700
17-Oct-01,48.92,48.92,47.75,47.81,9372400
16-Oct-01,42.68,44.92,42.31,43.06,3909400
15-Oct-01,44.73,44.78,41.99,42.43,5069400
12-Oct-01,47.62,47.62,42.48,44.73,7981100
11-Oct-01,48.72,50.17,46.82,47.62,3238400
10-Oct-01,45.89,48.22,45.42,47.89,1779200
9-Oct-01,45.77,46.72,45.31,45.78,1549600
8-Oct-01,46.93,46.93,44.92,45.31,1455000
5-Oct-01,47.42,47.82,45.79,46.92,2111500
4-Oct-01,49.02,49.68,47.72,47.97,1901600
3-Oct-01,46.65,48.60,46.07,48.43,2024000
2-Oct-01,46.67,47.34,45.92,46.94,2058800
1-Oct-01,46.17,47.17,45.79,46.47,2012700
28-Sep-01,44.53,46.47,44.05,45.95,2851700
27-Sep-01,43.93,44.46,42.43,43.65,2139200
26-Sep-01,43.93,44.51,42.83,43.70,2715600
25-Sep-01,43.13,44.53,41.84,42.73,3087700
24-Sep-01,43.43,44.13,42.43,42.98,4101500
21-Sep-01,38.49,39.93,36.34,39.93,5172000
20-Sep-01,40.01,40.18,38.09,39.88,2922100
19-Sep-01,42.03,42.88,37.51,40.01,3561000
18-Sep-01,45.38,45.42,41.58,41.89,3054200
17-Sep-01,44.92,46.67,43.43,44.85,3914400
10-Sep-01,48.02,51.21,48.02,50.29,3408700
7-Sep-01,48.52,49.77,47.97,48.42,4141400
6-Sep-01,52.01,52.01,49.62,50.16,3108300
5-Sep-01,52.86,53.11,50.67,52.39,3970000
4-Sep-01,53.41,54.48,51.16,52.67,6321700
31-Aug-01,55.16,56.11,54.61,55.52,1915100
30-Aug-01,55.81,56.21,54.26,55.15,3013400
29-Aug-01,57.30,57.65,55.99,56.59,1790300
28-Aug-01,58.85,58.95,56.58,57.30,1986900
27-Aug-01,59.10,59.10,58.18,58.68,1694000
24-Aug-01,60.26,60.39,57.60,59.05,3016700
23-Aug-01,60.15,60.70,59.70,60.11,1001500
22-Aug-01,59.80,60.55,58.52,60.15,2566300
21-Aug-01,61.92,62.39,59.23,59.27,1536000
20-Aug-01,61.05,62.11,60.92,61.74,802800
17-Aug-01,61.70,61.71,60.15,60.91,1274000
16-Aug-01,63.26,63.26,61.10,61.90,1343700
15-Aug-01,64.01,64.56,62.94,63.50,961400
14-Aug-01,62.89,64.29,62.89,64.01,1192700
13-Aug-01,62.25,63.06,60.93,62.78,1281200
10-Aug-01,62.12,62.34,60.70,61.92,1180800
9-Aug-01,62.43,62.44,60.52,62.12,1858400
8-Aug-01,64.09,64.09,62.14,62.43,1606600
7-Aug-01,64.79,65.79,64.11,64.19,871300
6-Aug-01,65.79,66.54,64.68,64.84,657200
3-Aug-01,65.76,65.76,64.68,65.55,659800
2-Aug-01,66.16,66.59,65.51,65.76,1151700
1-Aug-01,64.12,66.60,63.87,65.53,1059800
31-Jul-01,63.04,65.46,63.04,64.14,1488700
30-Jul-01,64.23,64.62,62.37,63.04,958500
27-Jul-01,62.27,64.52,62.27,64.23,918800
25-Jul-01,63.42,63.42,61.17,62.12,1166100
24-Jul-01,63.41,64.34,61.66,62.11,1517100
23-Jul-01,63.47,64.17,63.20,63.40,1429400
20-Jul-01,63.62,63.67,62.32,63.30,2104700
19-Jul-01,65.46,65.56,61.99,63.16,3419400
18-Jul-01,65.56,66.88,64.55,65.34,3023600
17-Jul-01,64.27,67.11,64.27,66.87,2099600
16-Jul-01,65.47,66.26,63.99,64.59,1702300
13-Jul-01,62.97,65.76,62.72,65.47,2919100
12-Jul-01,61.12,63.17,60.62,63.01,2844400
11-Jul-01,58.78,59.03,57.21,58.82,1879300
10-Jul-01,59.48,59.86,58.48,58.88,1888000
9-Jul-01,60.12,60.17,58.54,59.14,1983900
6-Jul-01,61.87,61.92,59.64,59.99,1359000
5-Jul-01,60.90,62.02,60.58,61.87,2139600
3-Jul-01,60.82,61.23,60.55,60.90,924500
2-Jul-01,60.47,61.32,60.07,60.85,1583900
29-Jun-01,60.07,61.28,59.68,60.02,2181100
28-Jun-01,58.23,61.32,58.23,60.37,3213100
27-Jun-01,59.88,60.91,57.88,57.88,3817100
26-Jun-01,58.48,59.63,58.48,59.43,1814000
25-Jun-01,61.90,61.99,59.48,60.28,1263300
22-Jun-01,63.01,63.01,61.22,61.80,1206300
21-Jun-01,60.77,63.27,60.52,62.77,2301000
20-Jun-01,60.17,61.37,59.88,60.38,2012600
19-Jun-01,60.17,60.66,59.48,59.99,1622900
18-Jun-01,59.88,59.97,58.38,59.11,1981900
15-Jun-01,58.88,61.25,58.88,60.12,2943100
14-Jun-01,62.07,62.23,59.68,60.37,2754900
13-Jun-01,64.75,65.31,63.21,63.48,1659000
12-Jun-01,64.09,65.46,63.15,65.35,1504100
11-Jun-01,65.71,66.83,64.87,65.38,1186500
8-Jun-01,65.84,66.10,65.31,65.71,585200
7-Jun-01,65.96,65.97,64.98,65.97,1129000
6-Jun-01,68.21,68.22,66.02,66.11,1417500
5-Jun-01,67.26,68.86,67.17,68.86,1099800
4-Jun-01,66.66,67.36,65.88,67.36,930400
1-Jun-01,65.66,66.91,64.57,66.91,1205400
31-May-01,66.26,66.30,64.80,64.97,1075300
30-May-01,66.31,67.20,64.86,65.50,1392500
29-May-01,68.06,68.16,66.20,66.46,1034300
25-May-01,66.71,67.70,66.71,67.09,785100
24-May-01,69.16,69.56,67.41,67.87,1680800
23-May-01,71.56,71.62,69.01,69.36,3719200
22-May-01,69.85,72.43,69.60,71.91,3476300
21-May-01,66.26,68.86,65.83,68.83,1119700
18-May-01,66.53,66.86,65.26,66.43,826400
17-May-01,66.28,67.11,65.98,66.63,2108700
16-May-01,63.57,66.66,63.08,66.46,1849400
15-May-01,63.27,64.42,62.30,64.20,1406600
14-May-01,63.70,64.33,62.77,63.11,907400
11-May-01,63.67,64.76,63.36,63.85,1575200
10-May-01,64.37,64.91,63.47,63.67,1259200
9-May-01,63.17,63.62,62.67,63.62,1809400
8-May-01,64.37,64.74,63.89,64.07,1582800
7-May-01,65.04,65.40,64.67,65.11,1284400
4-May-01,62.29,65.44,61.50,64.95,1906600
3-May-01,64.04,64.74,62.84,63.26,1273500
2-May-01,63.71,64.73,63.34,64.28,771200
1-May-01,62.45,63.78,61.90,63.71,886700
30-Apr-01,63.94,64.79,62.36,62.70,995300
27-Apr-01,63.54,64.04,63.04,63.83,853400
26-Apr-01,61.75,63.34,61.55,62.61,1020100
25-Apr-01,61.25,62.04,60.38,61.81,1295000
24-Apr-01,62.14,62.69,60.75,61.25,1171100
23-Apr-01,62.84,63.04,61.66,62.20,1223100
20-Apr-01,62.24,63.21,62.14,62.74,2039000
19-Apr-01,64.34,65.40,62.35,63.61,3129500
18-Apr-01,60.50,66.18,60.46,65.84,3652300
17-Apr-01,58.90,60.75,58.24,58.24,1649000
16-Apr-01,59.80,60.55,58.45,58.90,1098700
12-Apr-01,59.25,60.35,58.90,59.60,1873600
11-Apr-01,61.25,61.34,59.50,59.98,3316600
10-Apr-01,55.71,58.75,55.45,58.05,2268300
9-Apr-01,53.66,55.16,53.66,54.86,1536100
6-Apr-01,54.11,55.33,53.46,53.65,1181700
5-Apr-01,53.32,55.15,53.18,54.92,1326100
4-Apr-01,53.72,54.19,51.48,52.22,1308100
3-Apr-01,55.61,56.06,53.71,53.72,1794600
2-Apr-01,53.47,56.38,52.77,56.01,2701800
30-Mar-01,53.47,55.36,53.21,55.36,2463400
29-Mar-01,54.41,54.96,51.97,52.87,3012000
28-Mar-01,53.17,55.36,52.87,54.81,2250300
27-Mar-01,51.07,54.71,50.42,54.34,2060000
26-Mar-01,51.67,52.96,50.33,51.08,1224000
23-Mar-01,48.13,51.37,47.88,50.91,1687000
22-Mar-01,48.33,48.88,46.78,47.72,3464000
21-Mar-01,50.92,51.96,49.08,49.08,2684500
20-Mar-01,53.87,54.41,51.52,51.57,1634500
19-Mar-01,54.49,55.02,52.17,53.81,1508200
16-Mar-01,53.99,54.89,53.27,54.24,1685300
15-Mar-01,54.31,55.26,53.92,53.99,1916400
14-Mar-01,52.97,54.46,51.72,53.37,1570600
13-Mar-01,53.47,55.36,52.62,55.15,1581800
12-Mar-01,55.76,55.76,51.87,52.01,1690900
9-Mar-01,57.32,57.36,55.46,56.52,950500
8-Mar-01,57.21,57.77,56.81,57.32,877700
7-Mar-01,57.36,57.80,55.86,56.88,1496400
6-Mar-01,56.87,58.95,56.38,57.11,783100
5-Mar-01,58.60,58.65,56.01,56.62,1251300
2-Mar-01,55.66,57.86,55.21,57.11,1065400
1-Mar-01,55.66,55.71,54.24,55.66,1200700
28-Feb-01,57.99,58.01,53.97,55.11,1607400
27-Feb-01,55.26,58.15,54.05,57.75,2367500
26-Feb-01,56.34,56.68,53.96,55.36,1928700
23-Feb-01,54.66,56.35,53.06,56.01,1888600
22-Feb-01,55.71,55.71,50.47,54.73,2991100
21-Feb-01,57.71,57.72,55.26,55.71,2049900
20-Feb-01,59.70,60.56,57.41,57.76,1639100
16-Feb-01,60.87,61.82,60.25,60.35,1276500
15-Feb-01,60.20,61.20,58.16,60.87,2432700
14-Feb-01,62.35,62.59,59.85,59.95,1335400
13-Feb-01,63.69,64.14,62.34,62.34,792700
12-Feb-01,61.85,63.59,61.85,63.59,1054400
9-Feb-01,61.51,63.14,61.20,62.08,775900
8-Feb-01,61.40,63.19,61.40,61.56,1192300
7-Feb-01,61.71,63.51,61.37,61.37,953000
6-Feb-01,61.57,62.39,60.41,61.71,1264800
5-Feb-01,61.58,61.82,60.87,61.57,876000
2-Feb-01,62.52,63.80,61.38,61.65,1098900
1-Feb-01,62.92,62.92,61.82,62.35,1502500
31-Jan-01,64.31,64.31,61.85,62.84,2136000
30-Jan-01,67.05,67.20,64.81,64.81,3184500
29-Jan-01,65.43,67.77,65.41,67.05,1592800
26-Jan-01,64.25,65.50,63.13,65.43,893100
25-Jan-01,65.12,65.31,63.69,64.25,1081000
24-Jan-01,63.19,65.50,62.75,65.37,1605100
23-Jan-01,62.44,63.50,62.25,62.82,1393400
22-Jan-01,60.82,63.25,60.38,62.19,2856200
19-Jan-01,61.57,62.07,60.14,61.26,3853800
18-Jan-01,65.00,66.31,61.88,63.31,3926300
17-Jan-01,65.81,67.74,65.43,65.93,2501700
16-Jan-01,64.06,65.93,63.31,64.50,1252200
12-Jan-01,63.56,64.81,62.75,63.38,927100
11-Jan-01,62.75,66.12,62.75,63.44,1208000
10-Jan-01,60.32,62.82,60.01,62.75,1109300
9-Jan-01,63.00,63.63,60.14,60.57,1276400
8-Jan-01,64.31,64.75,61.82,62.50,1577900
5-Jan-01,61.44,64.75,61.44,64.31,2022300
4-Jan-01,66.06,70.23,65.62,66.80,3103600
3-Jan-01,61.07,68.55,60.32,66.80,1958300
2-Jan-01,64.44,64.44,60.88,61.76,1245400
29-Dec-00,67.05,67.80,65.50,65.62,776000
28-Dec-00,63.38,66.24,63.25,65.37,874100
27-Dec-00,63.06,64.06,62.07,63.13,1297900
26-Dec-00,61.57,62.82,61.07,62.82,539900
22-Dec-00,59.95,61.76,59.82,61.51,1065600
21-Dec-00,58.95,59.95,57.52,59.20,1200500
20-Dec-00,57.83,59.01,56.71,58.64,1289800
19-Dec-00,60.14,61.38,58.20,58.45,1354400
18-Dec-00,59.08,61.26,58.83,60.38,1548300
15-Dec-00,57.77,58.33,56.58,57.58,1893200
14-Dec-00,57.95,58.52,56.33,57.77,1711000
13-Dec-00,60.07,60.45,57.89,57.89,1085200
12-Dec-00,60.45,60.51,58.83,59.45,857200
11-Dec-00,59.26,61.26,58.89,60.45,846800
8-Dec-00,59.64,60.01,58.64,59.20,1330100
7-Dec-00,57.83,59.57,57.33,57.83,1553400
6-Dec-00,58.33,62.19,57.71,58.14,2304800
5-Dec-00,54.78,59.64,54.15,59.01,2366000
4-Dec-00,54.59,54.90,52.78,53.97,2186200
1-Dec-00,55.90,57.71,55.84,56.71,1701800
30-Nov-00,55.40,57.08,53.90,55.65,2596500
29-Nov-00,53.47,56.46,53.34,56.21,1779400
28-Nov-00,53.84,54.71,52.91,53.22,1728200
27-Nov-00,51.85,54.46,51.66,53.78,2096100
24-Nov-00,48.36,49.67,48.36,49.48,517300
22-Nov-00,51.35,51.35,48.23,48.30,1790800
21-Nov-00,48.36,51.29,46.43,49.60,3667300
20-Nov-00,51.85,51.91,45.74,49.42,3787900
17-Nov-00,53.72,55.21,51.72,52.35,2747500
16-Nov-00,56.33,57.52,55.15,55.15,1425600
15-Nov-00,56.90,59.20,56.02,56.96,1812100
14-Nov-00,57.77,59.26,55.90,57.71,1693200
13-Nov-00,58.45,59.57,53.90,56.33,2427200
10-Nov-00,61.57,61.57,58.45,59.01,1032200
9-Nov-00,62.32,64.62,60.82,61.82,1461800
8-Nov-00,64.12,64.19,62.13,63.75,860500
7-Nov-00,63.81,65.56,63.38,64.12,976700
6-Nov-00,61.32,64.19,60.01,63.81,924500
3-Nov-00,62.79,62.79,60.23,61.23,638900
2-Nov-00,61.73,63.10,61.17,62.79,808400
1-Nov-00,62.54,62.54,60.55,61.60,860700
31-Oct-00,61.54,63.29,59.67,62.91,1237600
30-Oct-00,60.48,63.41,60.17,62.10,1022600
27-Oct-00,58.68,61.17,56.31,60.36,2582600
26-Oct-00,58.18,58.68,51.64,58.68,5543900
25-Oct-00,61.79,61.79,58.05,60.05,2658600
24-Oct-00,66.03,68.14,63.91,64.03,1976800
23-Oct-00,67.27,67.33,63.60,65.53,1628600
20-Oct-00,68.02,68.39,67.33,68.14,1428500
19-Oct-00,68.39,70.20,67.90,68.52,1494000
18-Oct-00,62.35,68.27,62.35,67.09,1355700
17-Oct-00,70.01,70.51,65.03,65.84,1523200
16-Oct-00,68.27,70.45,68.14,69.51,1345100
13-Oct-00,61.54,67.65,60.92,67.52,1199500
12-Oct-00,66.03,66.77,61.23,61.67,2309700
11-Oct-00,62.79,65.47,61.92,65.15,2046200
10-Oct-00,66.40,66.53,62.54,63.41,1881200
9-Oct-00,66.09,66.84,64.97,66.46,1224900
6-Oct-00,69.64,69.64,63.85,66.09,2270400
5-Oct-00,71.01,72.94,71.01,71.51,1291300
4-Oct-00,70.01,72.38,69.64,71.01,1291600
3-Oct-00,71.13,73.00,69.76,70.76,1763400
2-Oct-00,69.64,70.64,67.83,70.26,835000
29-Sep-00,70.95,71.07,69.33,69.83,1237600
28-Sep-00,69.08,71.51,68.83,71.20,1127200
27-Sep-00,66.90,68.83,66.77,68.33,978200
26-Sep-00,69.76,70.39,66.21,66.62,1514400
25-Sep-00,66.77,69.27,66.28,68.46,2364600
22-Sep-00,63.35,65.28,62.60,65.28,1567800
21-Sep-00,62.04,63.60,60.92,63.60,1127900
20-Sep-00,62.60,62.79,60.55,62.29,752400
19-Sep-00,61.67,63.72,61.29,62.60,1206000
18-Sep-00,64.28,64.47,61.42,61.42,1583300
15-Sep-00,64.16,65.78,63.60,63.78,1349700
14-Sep-00,65.90,66.34,63.91,64.16,1191200
13-Sep-00,65.03,66.46,64.91,65.78,1431300
12-Sep-00,65.03,65.65,64.35,65.53,1147100
11-Sep-00,65.22,65.90,64.59,65.47,1561500
8-Sep-00,64.22,65.65,63.47,64.94,1156300
7-Sep-00,62.29,64.78,61.67,63.78,1982600
6-Sep-00,61.92,63.29,61.54,62.35,1383200
5-Sep-00,59.92,62.23,59.92,60.92,1144300
1-Sep-00,61.36,61.36,59.42,59.92,709600
31-Aug-00,59.49,61.42,59.49,60.12,861200
30-Aug-00,59.55,60.36,58.99,59.49,502700
29-Aug-00,59.86,60.30,58.43,59.92,831800
28-Aug-00,58.12,60.42,58.05,59.61,1158000
25-Aug-00,58.43,58.68,57.87,58.05,412700
24-Aug-00,57.80,58.93,57.74,58.93,828900
23-Aug-00,57.99,58.49,57.12,57.87,811800
22-Aug-00,56.81,58.49,56.68,57.87,1016700
21-Aug-00,54.94,56.62,54.69,56.31,810100
18-Aug-00,55.13,55.19,54.38,54.75,484000
17-Aug-00,54.81,55.56,54.50,55.28,524900
16-Aug-00,54.81,55.38,54.69,54.88,732100
15-Aug-00,56.99,57.06,54.19,54.44,796900
14-Aug-00,56.56,57.49,55.81,57.24,497800
11-Aug-00,55.69,56.81,54.81,56.50,584600
10-Aug-00,56.25,56.81,55.31,55.69,351100
9-Aug-00,57.49,57.49,55.44,56.25,1127300
8-Aug-00,58.12,59.05,57.37,57.56,966800
7-Aug-00,58.43,58.49,57.18,58.18,1064300
4-Aug-00,56.16,58.71,55.97,58.65,2039300
3-Aug-00,55.29,56.66,54.10,56.16,1518900
2-Aug-00,57.34,57.53,54.42,55.35,1176700
1-Aug-00,57.78,57.78,55.54,57.34,2210500
31-Jul-00,56.78,59.02,56.72,58.37,1475100
28-Jul-00,56.41,56.60,55.16,56.60,1465000
27-Jul-00,53.17,56.91,53.05,56.35,1120100
26-Jul-00,54.23,54.42,52.49,53.05,1048100
25-Jul-00,53.73,54.23,53.11,54.10,645900
24-Jul-00,56.41,57.28,53.05,53.73,1593100
21-Jul-00,55.54,56.16,55.16,55.60,1204000
20-Jul-00,53.05,55.79,52.74,55.29,1457400
19-Jul-00,52.30,53.30,52.05,53.05,722000
18-Jul-00,50.56,52.74,50.31,52.24,751600
17-Jul-00,50.56,50.62,49.62,50.03,635400
14-Jul-00,51.05,51.74,50.37,50.80,1026100
13-Jul-00,51.18,52.42,50.68,51.12,1507700
12-Jul-00,49.31,49.93,49.00,49.31,1025600
11-Jul-00,49.06,49.68,48.75,49.25,750300
10-Jul-00,48.81,49.62,48.31,49.31,477600
7-Jul-00,47.82,50.24,47.63,49.06,973900
6-Jul-00,45.26,47.82,45.08,47.82,900800
5-Jul-00,45.20,46.63,44.77,45.39,652900
3-Jul-00,44.83,45.26,44.45,45.20,263800
30-Jun-00,45.70,46.07,44.33,44.45,882300
29-Jun-00,45.58,46.07,44.70,45.82,1436400
28-Jun-00,46.20,47.01,45.58,46.43,996400
27-Jun-00,44.70,46.14,44.52,45.58,1100300
26-Jun-00,44.02,44.95,43.71,44.33,790200
23-Jun-00,44.27,44.77,43.64,43.77,1015500
22-Jun-00,46.20,46.20,43.33,44.27,1735700
21-Jun-00,45.08,46.38,45.01,46.07,1047200
20-Jun-00,47.57,48.31,46.07,46.82,1466600
19-Jun-00,48.19,48.69,46.94,47.44,1050400
16-Jun-00,50.06,50.06,46.32,48.31,1252200
15-Jun-00,52.05,52.05,49.37,50.06,893800
14-Jun-00,50.68,53.54,50.68,52.64,1155700
13-Jun-00,49.62,50.43,49.50,50.24,474100
12-Jun-00,47.82,49.75,47.69,49.56,912600
9-Jun-00,49.62,50.43,48.19,48.50,356100
8-Jun-00,50.06,50.06,48.69,49.25,573500
7-Jun-00,49.50,50.49,49.44,50.12,465000
6-Jun-00,50.31,50.31,49.25,49.50,1304300
5-Jun-00,50.18,50.49,49.37,50.18,1329000
2-Jun-00,50.18,52.17,50.12,51.05,1517000
1-Jun-00,46.82,48.81,46.82,48.47,2195100
31-May-00,46.57,47.26,46.20,47.07,1799800
30-May-00,45.33,47.32,45.08,46.01,1045900
26-May-00,44.83,45.45,44.64,44.77,635600
25-May-00,44.70,45.58,44.45,45.08,912200
24-May-00,45.26,46.76,44.33,44.70,966300
23-May-00,44.21,45.14,43.83,44.64,477100
22-May-00,43.96,44.02,42.71,43.71,448600
19-May-00,44.70,44.89,42.59,43.83,688900
18-May-00,43.83,45.82,43.77,45.58,732500
17-May-00,44.21,44.45,43.52,43.83,398700
16-May-00,45.58,46.14,45.01,45.33,702500
15-May-00,43.58,45.23,43.21,44.55,752100
12-May-00,43.83,44.64,42.65,43.46,743200
11-May-00,42.59,43.89,41.96,43.21,894200
10-May-00,41.78,42.09,40.84,40.91,667300
9-May-00,42.28,43.52,41.15,41.71,718400
8-May-00,39.35,42.96,39.22,41.96,1293300
5-May-00,40.44,40.44,39.51,39.70,1329100
4-May-00,42.25,42.25,40.07,40.63,1004200
