Date,Open,High,Low,Close,Volume
2-Aug-02,30.85,31.24,29.09,29.50,38480700
1-Aug-02,32.10,32.29,31.25,31.40,32957900
31-Jul-02,31.60,32.20,30.24,32.20,45183900
30-Jul-02,30.00,31.76,29.64,31.60,43502200
29-Jul-02,28.89,30.45,28.84,30.45,45171800
26-Jul-02,27.05,27.88,26.49,27.80,35789000
25-Jul-02,26.60,27.20,25.85,26.65,39859600
24-Jul-02,24.19,26.75,23.02,26.53,62394500
23-Jul-02,25.98,26.15,24.47,24.80,48600100
22-Jul-02,26.50,26.89,25.34,25.66,44461300
19-Jul-02,27.10,27.70,26.25,26.52,36109200
18-Jul-02,28.05,28.64,27.51,27.70,27972300
17-Jul-02,28.40,28.49,27.45,28.25,38286700
16-Jul-02,27.32,28.15,27.32,27.55,35834900
15-Jul-02,28.48,28.52,25.25,28.25,37506900
12-Jul-02,28.10,29.93,27.15,28.60,48120400
11-Jul-02,26.80,27.85,26.40,27.35,51499200
10-Jul-02,28.40,28.75,27.05,27.05,33494000
9-Jul-02,29.40,29.73,28.24,28.30,24683800
8-Jul-02,29.70,29.92,29.08,29.43,20376200
5-Jul-02,28.75,29.75,28.50,29.69,19258000
3-Jul-02,27.25,27.95,26.90,27.90,30474700
2-Jul-02,28.15,28.51,27.41,28.10,31547900
1-Jul-02,29.06,29.54,28.25,28.45,26966400
28-Jun-02,29.90,30.25,29.02,29.05,32465400
27-Jun-02,29.70,30.00,28.74,29.90,33238500
26-Jun-02,27.50,29.91,27.42,29.50,45000400
25-Jun-02,29.76,30.00,28.52,28.72,29769400
24-Jun-02,28.37,29.81,27.92,29.42,37185500
21-Jun-02,28.97,29.51,28.57,28.77,39211800
20-Jun-02,30.06,30.35,29.42,29.51,20761900
19-Jun-02,30.51,31.16,30.11,30.16,20921100
18-Jun-02,30.21,31.20,30.05,30.96,21798000
17-Jun-02,29.81,30.46,29.69,30.32,21291800
14-Jun-02,29.32,29.61,28.70,29.51,34148300
13-Jun-02,29.81,30.26,29.55,29.66,20831500
12-Jun-02,29.22,30.22,29.17,30.16,28132500
11-Jun-02,29.91,30.26,29.17,29.22,22304000
10-Jun-02,29.96,30.21,29.56,29.76,20841500
7-Jun-02,28.22,30.06,28.22,30.01,31579000
6-Jun-02,30.11,30.11,28.93,29.12,21379200
5-Jun-02,30.06,30.27,29.62,29.96,23873000
4-Jun-02,29.81,30.22,29.60,29.86,33315200
3-Jun-02,30.95,30.96,29.76,29.92,28920400
31-May-02,31.01,31.48,30.81,30.95,19921400
30-May-02,30.71,31.20,30.56,31.01,20828300
29-May-02,31.65,32.09,31.11,31.20,16757300
28-May-02,32.55,32.64,31.66,31.85,14276200
24-May-02,32.74,32.79,32.28,32.40,14183600
23-May-02,31.90,32.74,31.62,32.74,18058500
22-May-02,31.80,31.99,31.30,31.72,18914100
21-May-02,32.70,32.99,31.80,31.95,19864200
20-May-02,32.79,32.80,32.28,32.40,20308400
17-May-02,32.20,33.24,32.05,33.24,32674100
16-May-02,31.15,31.80,30.95,31.80,23497000
15-May-02,31.25,31.50,30.72,30.74,29630700
14-May-02,31.35,31.46,30.71,31.38,29672100
13-May-02,30.36,30.86,30.21,30.66,22533500
10-May-02,31.55,31.55,30.42,30.46,26257300
9-May-02,32.30,32.32,31.14,31.29,32919100
8-May-02,31.15,32.81,31.11,32.65,33876300
7-May-02,30.81,31.16,30.32,30.46,20627000
6-May-02,31.35,31.85,30.70,30.78,23319600
3-May-02,31.11,31.50,30.55,31.50,19807300
2-May-02,31.45,31.65,30.87,31.40,19586900
1-May-02,31.55,31.66,30.56,31.50,25795500
30-Apr-02,30.61,31.70,29.96,31.35,40299800
29-Apr-02,31.55,31.68,30.49,30.66,22623700
26-Apr-02,32.60,32.60,31.28,31.30,23183400
25-Apr-02,32.05,32.98,31.62,31.85,27672200
24-Apr-02,32.65,32.95,32.18,32.30,21743700
23-Apr-02,33.29,33.77,32.45,32.60,19485200
22-Apr-02,33.34,33.34,32.60,32.66,19806100
19-Apr-02,33.94,33.94,33.31,33.49,19681200
18-Apr-02,33.45,33.81,32.79,33.59,27240700
17-Apr-02,33.29,33.77,33.00,33.44,29648900
16-Apr-02,32.30,33.15,31.99,32.89,44634700
15-Apr-02,32.89,33.04,31.44,31.65,68551500
12-Apr-02,34.24,34.24,32.79,33.34,49724200
11-Apr-02,36.47,36.54,33.29,33.54,79873900
10-Apr-02,36.30,37.13,36.17,36.97,22679900
9-Apr-02,36.57,36.72,36.03,36.22,17161100
8-Apr-02,36.27,36.66,36.15,36.63,17163400
5-Apr-02,37.37,37.56,36.54,36.87,14824200
4-Apr-02,36.52,37.12,36.41,37.07,20529600
3-Apr-02,36.87,36.99,35.78,36.52,19117500
2-Apr-02,36.97,36.97,36.47,36.87,17410700
1-Apr-02,36.82,37.22,36.37,37.07,21535700
28-Mar-02,37.47,37.70,37.01,37.17,18709400
27-Mar-02,37.04,37.83,36.82,37.22,19626800
26-Mar-02,36.87,37.58,36.77,37.08,20010500
25-Mar-02,37.88,37.99,36.77,36.81,24599300
22-Mar-02,37.29,37.75,36.80,37.63,30601700
21-Mar-02,38.06,38.36,36.60,37.22,50303300
20-Mar-02,39.49,39.89,38.26,38.56,27496500
19-Mar-02,39.75,39.85,39.34,39.65,17870400
18-Mar-02,40.00,40.30,39.48,39.65,19998400
15-Mar-02,40.30,40.65,39.66,39.94,33098200
14-Mar-02,40.00,40.30,39.75,40.16,14763700
13-Mar-02,40.50,40.51,39.67,39.75,23574800
12-Mar-02,40.25,41.27,40.08,40.84,19767600
11-Mar-02,40.74,41.11,40.61,40.89,23441900
8-Mar-02,41.24,41.58,39.99,40.35,28101500
7-Mar-02,41.49,41.54,40.15,40.69,24434200
6-Mar-02,40.25,41.41,40.15,41.29,24636300
5-Mar-02,39.70,40.55,39.55,40.25,23793500
4-Mar-02,39.55,40.00,39.22,39.95,32281600
1-Mar-02,38.86,39.20,38.46,39.20,20117900
28-Feb-02,39.01,39.40,38.22,38.26,23397500
27-Feb-02,39.01,39.23,38.26,38.51,23093100
26-Feb-02,38.77,38.82,38.08,38.33,18784000
25-Feb-02,37.64,38.85,37.59,38.77,24430700
22-Feb-02,37.11,37.96,36.68,37.68,19559000
21-Feb-02,37.57,38.04,36.97,37.11,27637000
20-Feb-02,36.13,37.34,35.76,37.16,22008100
19-Feb-02,36.50,36.60,35.93,36.01,16948300
15-Feb-02,37.59,37.59,36.62,36.71,22109400
14-Feb-02,37.69,38.43,37.13,37.59,20375100
13-Feb-02,37.29,37.95,37.09,37.69,18759300
12-Feb-02,37.09,37.19,36.55,37.09,16329500
11-Feb-02,36.85,37.49,36.65,37.39,15768700
8-Feb-02,36.99,37.34,35.84,36.85,22713900
7-Feb-02,36.61,37.43,36.15,36.80,23954100
6-Feb-02,35.96,36.69,35.55,36.56,33209100
5-Feb-02,34.72,36.17,34.71,35.82,44376000
4-Feb-02,35.51,35.51,34.34,34.62,39740800
1-Feb-02,36.50,36.60,36.00,36.45,20544800
31-Jan-02,36.60,36.83,35.12,36.75,31013000
30-Jan-02,36.01,36.90,34.12,36.48,62345700
29-Jan-02,37.59,37.81,35.83,36.06,36329300
28-Jan-02,38.18,38.20,37.35,37.74,13962700
25-Jan-02,37.59,37.96,37.20,37.85,15756600
24-Jan-02,37.69,38.17,36.94,37.14,19384700
23-Jan-02,37.88,37.89,37.08,37.24,22501800
22-Jan-02,39.02,39.02,37.82,37.88,17171600
18-Jan-02,38.02,38.48,37.84,38.26,18037200
17-Jan-02,38.48,38.49,37.88,38.33,22560400
16-Jan-02,37.98,38.07,37.30,37.31,22894900
15-Jan-02,37.39,38.57,37.16,38.29,26047300
14-Jan-02,37.79,38.03,37.37,37.49,20832500
11-Jan-02,38.68,38.73,37.75,37.82,16802200
10-Jan-02,38.13,38.48,37.98,38.19,14738000
9-Jan-02,38.28,39.17,37.78,38.13,20192300
8-Jan-02,39.22,39.58,38.18,38.53,24128100
7-Jan-02,40.21,40.41,38.68,38.93,27526900
4-Jan-02,40.36,40.89,39.84,40.51,19853100
3-Jan-02,40.01,40.48,39.71,40.17,17497500
2-Jan-02,39.86,40.51,39.62,40.51,17693300
31-Dec-01,40.11,40.36,39.60,39.65,14030800
28-Dec-01,40.33,40.67,39.98,40.29,13621800
27-Dec-01,40.06,40.51,39.88,40.51,12881700
26-Dec-01,40.28,40.65,39.93,39.93,14955200
24-Dec-01,40.72,40.76,40.38,40.56,5569800
21-Dec-01,40.47,40.76,40.33,40.72,30675500
20-Dec-01,40.18,40.53,40.01,40.22,18656300
19-Dec-01,39.10,40.36,38.90,40.16,27305400
18-Dec-01,39.14,39.49,38.75,39.11,33016300
17-Dec-01,37.22,38.26,37.13,37.72,26715900
14-Dec-01,36.49,37.41,35.89,37.08,26119200
13-Dec-01,36.29,37.32,35.99,36.49,26103100
12-Dec-01,36.88,36.89,35.66,36.49,22629300
11-Dec-01,36.78,36.93,35.88,36.23,20718700
10-Dec-01,36.63,37.57,36.09,36.24,20747000
7-Dec-01,37.18,37.18,36.49,36.58,16374000
6-Dec-01,37.32,37.81,36.98,37.17,19367600
5-Dec-01,37.03,37.68,36.54,36.98,35193500
4-Dec-01,37.17,37.63,36.44,36.78,29176900
3-Dec-01,37.81,37.81,36.05,36.36,33713700
30-Nov-01,39.12,39.27,37.86,37.91,23595000
29-Nov-01,38.75,39.18,38.54,39.12,15390600
28-Nov-01,39.64,40.38,38.54,38.75,23774600
27-Nov-01,40.57,41.14,40.01,40.44,14034700
26-Nov-01,40.82,41.08,40.38,40.69,12607300
23-Nov-01,40.03,40.52,39.93,40.40,5246000
21-Nov-01,40.38,40.57,39.55,39.83,12021900
20-Nov-01,40.57,41.13,40.18,40.47,14338900
19-Nov-01,40.52,40.95,40.08,40.62,14189800
16-Nov-01,40.92,40.92,39.65,40.23,17294300
15-Nov-01,40.26,40.97,40.18,40.92,16943100
14-Nov-01,40.33,40.77,39.89,40.26,14243400
13-Nov-01,39.39,39.97,39.19,39.94,17642100
12-Nov-01,39.29,39.54,38.02,38.83,19891200
9-Nov-01,39.68,39.86,39.23,39.79,11799500
8-Nov-01,38.95,39.85,38.85,39.74,20047500
7-Nov-01,39.05,39.35,38.49,38.75,15283800
6-Nov-01,38.18,39.37,37.86,39.19,16800400
5-Nov-01,38.01,38.50,37.85,38.18,15160800
2-Nov-01,37.03,37.81,36.52,37.38,13969400
1-Nov-01,35.70,37.65,35.50,37.33,18593200
31-Oct-01,36.04,36.58,35.70,35.86,15930400
30-Oct-01,36.19,36.42,35.77,35.79,15276200
29-Oct-01,38.06,38.16,36.78,36.86,14143200
26-Oct-01,37.66,38.39,37.03,38.29,18619100
25-Oct-01,36.29,37.38,35.49,37.29,22510100
24-Oct-01,36.71,37.32,36.34,36.52,16009200
23-Oct-01,37.42,37.47,36.36,36.70,15209800
22-Oct-01,36.58,37.22,36.45,37.04,16272000
19-Oct-01,36.44,36.83,35.98,36.68,16372700
18-Oct-01,36.53,36.93,36.29,36.68,15151800
17-Oct-01,38.16,38.17,36.46,36.58,21689500
16-Oct-01,38.27,38.65,37.52,37.88,16597200
15-Oct-01,37.96,38.48,37.48,38.27,12873500
12-Oct-01,38.35,38.54,36.94,38.41,22116400
11-Oct-01,37.81,38.89,37.72,38.36,24701900
10-Oct-01,36.25,37.56,35.95,37.33,17994100
9-Oct-01,36.24,36.60,35.86,36.26,14174300
8-Oct-01,36.19,36.68,35.70,36.24,15739700
5-Oct-01,36.82,37.12,35.66,36.88,22852300
4-Oct-01,37.86,38.11,36.53,36.82,26630300
3-Oct-01,37.08,37.88,36.83,37.57,25648200
2-Oct-01,36.98,37.53,36.13,37.47,22364300
1-Oct-01,36.73,37.18,36.49,37.07,24724400
28-Sep-01,35.75,36.73,35.47,36.63,32471000
27-Sep-01,35.06,35.45,34.49,35.40,20999900
26-Sep-01,35.45,35.45,34.47,34.94,26488400
25-Sep-01,34.52,35.42,33.99,34.80,44047500
24-Sep-01,33.09,34.77,32.11,34.51,70974400
21-Sep-01,28.43,31.87,27.94,30.68,85888900
20-Sep-01,30.68,30.91,29.77,29.77,46676400
19-Sep-01,33.72,33.97,30.39,31.86,56660800
18-Sep-01,34.51,35.49,32.90,33.18,46110700
17-Sep-01,34.80,36.47,33.82,34.46,71444400
10-Sep-01,38.24,39.37,38.18,38.58,24095000
7-Sep-01,39.21,39.51,38.57,38.88,24183000
6-Sep-01,40.49,40.70,39.62,39.70,18420100
5-Sep-01,40.17,41.16,39.70,40.88,20164500
4-Sep-01,40.10,41.34,39.56,40.03,18486200
31-Aug-01,39.36,40.39,39.28,40.10,17259700
30-Aug-01,39.90,40.68,39.06,39.41,22061700
29-Aug-01,40.83,40.83,39.81,39.81,11899600
28-Aug-01,41.42,41.47,40.34,40.42,12733900
27-Aug-01,41.17,41.72,40.83,41.34,14320300
24-Aug-01,40.29,41.43,40.20,41.16,13596600
23-Aug-01,40.10,40.50,39.81,40.23,10507200
22-Aug-01,39.75,40.49,39.50,40.05,15836100
21-Aug-01,40.70,41.01,39.61,39.67,13918700
20-Aug-01,40.19,41.08,39.62,40.71,12777900
17-Aug-01,40.49,40.59,39.56,40.00,15675600
16-Aug-01,40.71,41.08,40.19,40.78,17082500
15-Aug-01,41.17,41.48,40.89,40.96,14946000
14-Aug-01,41.76,41.91,40.88,41.03,12559800
13-Aug-01,41.66,42.26,41.19,41.40,14195700
10-Aug-01,41.17,41.97,40.58,41.73,13353600
9-Aug-01,40.83,41.42,40.49,41.08,14855000
8-Aug-01,41.52,41.66,40.68,40.83,14592600
7-Aug-01,40.63,42.01,40.45,41.93,23329100
6-Aug-01,41.57,41.67,40.47,40.58,21286300
3-Aug-01,41.47,41.96,41.08,41.91,15274800
2-Aug-01,42.25,42.33,41.27,41.37,24474900
1-Aug-01,42.15,42.67,41.57,41.96,23324700
31-Jul-01,42.50,43.38,42.14,42.64,24761100
30-Jul-01,43.67,44.02,42.55,42.74,16692400
27-Jul-01,43.28,43.97,42.99,43.77,16467200
26-Jul-01,43.09,43.23,42.40,42.89,23613600
25-Jul-01,43.53,44.03,42.30,42.94,25075500
24-Jul-01,44.51,44.65,42.40,43.13,26311300
23-Jul-01,45.59,45.70,44.31,44.41,15203200
20-Jul-01,45.78,46.03,45.27,45.71,11999000
19-Jul-01,45.39,46.52,45.12,45.57,12881000
18-Jul-01,44.70,45.34,44.51,45.24,16952600
17-Jul-01,44.85,45.60,44.51,45.20,18256100
16-Jul-01,46.22,46.57,44.88,45.31,13751800
13-Jul-01,45.68,46.81,45.23,46.52,17619800
12-Jul-01,45.00,46.27,44.02,46.08,21427500
11-Jul-01,44.90,45.04,43.43,43.73,27137600
10-Jul-01,45.83,46.31,44.79,44.86,19023000
9-Jul-01,45.98,46.20,45.39,45.93,16153800
6-Jul-01,47.25,47.28,45.68,45.97,23441500
5-Jul-01,47.84,48.43,47.45,47.52,19462700
3-Jul-01,48.37,48.76,48.13,48.38,17570200
2-Jul-01,47.80,49.05,47.76,49.05,23182900
29-Jun-01,47.88,49.92,47.37,47.88,52690300
28-Jun-01,46.66,48.32,46.31,47.75,23575000
27-Jun-01,47.59,47.98,46.65,47.16,27011000
26-Jun-01,47.88,48.83,47.67,47.68,30804400
25-Jun-01,50.52,51.41,49.00,49.10,27093700
22-Jun-01,49.93,51.23,49.92,50.68,24614400
21-Jun-01,49.25,51.22,49.23,50.08,31969300
20-Jun-01,47.59,49.69,47.46,49.61,30002600
19-Jun-01,48.66,48.84,47.64,47.75,22588200
18-Jun-01,47.88,48.58,47.43,47.88,20103000
15-Jun-01,47.20,48.22,46.90,47.70,43756900
14-Jun-01,47.66,49.06,46.76,47.74,60128100
13-Jun-01,47.00,48.16,46.61,46.76,33105200
12-Jun-01,46.32,48.14,45.20,47.66,37572800
11-Jun-01,46.76,47.83,46.14,46.32,17879500
8-Jun-01,47.72,47.72,46.70,47.04,16805800
7-Jun-01,47.64,47.86,47.07,47.79,11148600
6-Jun-01,47.88,48.16,47.30,47.64,14017700
5-Jun-01,48.08,48.22,47.51,48.06,15232800
4-Jun-01,47.98,48.49,47.79,48.32,13800700
1-Jun-01,47.87,48.28,46.90,47.88,13459400
31-May-01,48.03,48.52,47.64,47.88,13387600
30-May-01,48.54,48.91,47.88,47.90,15599400
29-May-01,49.24,49.40,48.52,48.54,13017600
25-May-01,50.03,50.03,48.42,48.81,15636600
24-May-01,50.08,50.74,49.59,50.23,13074600
23-May-01,51.25,51.62,50.02,50.18,15999000
22-May-01,51.94,52.07,50.52,51.48,17378900
21-May-01,51.78,52.33,51.50,52.18,18244600
18-May-01,50.92,51.78,50.75,51.78,17302000
17-May-01,50.81,51.43,50.52,50.92,19454400
16-May-01,48.85,51.06,48.52,51.02,24480600
15-May-01,48.59,49.21,48.17,49.00,17834400
14-May-01,47.89,48.85,47.68,48.59,10972200
11-May-01,48.70,48.86,47.40,47.89,11873400
10-May-01,49.00,49.05,48.28,48.69,13567900
9-May-01,47.88,49.25,47.65,48.30,23099200
8-May-01,48.82,48.86,47.60,48.35,15135700
7-May-01,48.79,48.86,48.35,48.82,14729900
4-May-01,46.51,48.84,46.42,48.79,18312700
3-May-01,47.98,47.99,46.91,47.39,18467500
2-May-01,47.91,48.31,47.02,47.98,18119600
1-May-01,46.95,47.83,46.71,47.79,13067400
30-Apr-01,48.85,48.87,46.91,47.42,18249000
27-Apr-01,48.17,48.81,47.19,48.81,15681300
26-Apr-01,47.83,48.26,47.38,48.17,21044300
25-Apr-01,45.63,47.37,45.34,46.72,17857800
24-Apr-01,45.93,46.71,44.84,44.94,18614500
23-Apr-01,46.66,46.67,45.81,46.12,16211900
20-Apr-01,47.40,47.40,46.42,47.00,23271000
19-Apr-01,46.42,47.44,46.25,47.40,22062000
18-Apr-01,44.83,46.86,44.48,46.80,36439500
17-Apr-01,43.09,44.45,42.99,44.42,20507400
16-Apr-01,43.51,43.73,42.91,43.63,14130200
12-Apr-01,42.56,43.68,42.23,43.68,17265300
11-Apr-01,43.39,43.48,41.77,42.28,20147900
10-Apr-01,41.77,44.49,41.63,42.83,26111100
9-Apr-01,40.49,41.43,40.28,41.04,17781300
6-Apr-01,40.60,40.75,39.43,40.23,24653200
5-Apr-01,40.06,41.28,39.67,41.14,23794700
4-Apr-01,38.65,39.97,38.15,38.70,26831300
3-Apr-01,40.60,40.64,38.36,38.77,23599300
2-Apr-01,40.57,41.68,39.95,40.85,24248400
30-Mar-01,40.80,40.96,40.28,40.90,29428100
29-Mar-01,40.36,40.53,39.77,40.45,26964700
28-Mar-01,40.31,40.65,39.87,40.60,26863900
27-Mar-01,39.82,41.28,39.62,40.95,36552300
26-Mar-01,39.57,40.06,39.14,39.31,31143900
23-Mar-01,37.86,39.08,37.28,39.08,45736600
22-Mar-01,37.86,37.92,35.59,36.84,55941400
21-Mar-01,39.14,39.67,37.98,38.11,26840800
20-Mar-01,40.55,41.14,39.09,39.14,22324400
19-Mar-01,39.77,40.67,39.23,40.16,20831800
16-Mar-01,39.48,40.80,39.18,39.67,44851000
15-Mar-01,40.55,40.89,39.77,40.14,24847700
14-Mar-01,39.82,41.28,39.18,40.09,35437100
13-Mar-01,40.55,41.53,39.82,41.36,42939700
12-Mar-01,42.02,42.31,37.72,38.70,45708300
9-Mar-01,44.22,44.33,42.46,42.81,19891300
8-Mar-01,45.10,45.30,43.97,44.82,16572100
7-Mar-01,44.43,45.20,44.43,44.93,13889500
6-Mar-01,45.19,45.54,44.28,44.38,15691600
5-Mar-01,43.73,44.32,43.58,44.05,16671900
2-Mar-01,44.15,44.46,43.35,43.40,21981100
1-Mar-01,44.30,44.86,43.73,44.70,23957800
28-Feb-01,46.74,46.97,44.40,45.27,26553400
27-Feb-01,46.23,46.74,45.76,46.74,22578900
26-Feb-01,45.76,46.74,44.98,46.72,21073600
23-Feb-01,45.32,45.76,43.83,44.96,23368500
22-Feb-01,46.10,46.25,44.85,45.86,22901300
21-Feb-01,46.44,47.17,45.98,46.05,18497500
20-Feb-01,45.96,47.04,45.93,46.43,20032300
16-Feb-01,45.27,46.08,45.04,45.76,16917000
15-Feb-01,45.08,46.83,44.93,46.72,24011600
14-Feb-01,45.92,45.95,44.90,45.04,13239700
13-Feb-01,46.40,46.73,45.89,45.92,14322100
12-Feb-01,44.46,46.56,44.46,46.26,17953200
9-Feb-01,45.90,45.91,44.19,44.46,18478700
8-Feb-01,46.49,46.88,45.79,45.90,17708500
7-Feb-01,46.41,46.54,45.39,45.71,13031100
6-Feb-01,46.59,46.82,45.96,46.35,15962600
5-Feb-01,45.16,46.83,44.84,46.59,21847000
2-Feb-01,45.03,45.66,44.64,45.06,16040500
1-Feb-01,45.27,45.50,44.69,45.01,17586900
31-Jan-01,45.52,45.71,44.36,44.77,21346100
30-Jan-01,43.58,45.05,43.25,45.03,19843100
29-Jan-01,43.69,45.03,42.84,43.21,23027200
26-Jan-01,45.21,45.58,43.39,43.45,26858500
25-Jan-01,45.15,45.94,44.61,44.73,20812100
24-Jan-01,45.27,45.94,44.61,45.09,19145100
23-Jan-01,45.27,45.88,44.91,45.46,21121600
22-Jan-01,45.64,46.13,44.24,44.54,20691900
19-Jan-01,46.55,46.86,45.40,45.76,19360100
18-Jan-01,46.13,46.80,45.40,46.37,19290300
17-Jan-01,46.74,47.22,45.21,45.46,24412000
16-Jan-01,44.48,46.31,44.42,46.13,19758500
12-Jan-01,45.58,45.70,43.81,44.48,16802900
11-Jan-01,44.42,45.76,44.06,45.34,23599100
10-Jan-01,42.96,43.94,42.05,43.51,24805300
9-Jan-01,44.73,45.03,42.60,43.45,20066000
8-Jan-01,46.01,46.01,43.45,44.36,23210900
5-Jan-01,46.49,46.55,44.91,46.07,22790400
4-Jan-01,46.07,47.47,45.88,46.80,26926400
3-Jan-01,43.08,46.67,42.66,46.55,39205800
2-Jan-01,45.52,45.64,41.50,42.60,36837700
29-Dec-00,47.22,47.53,46.37,46.67,10983300
28-Dec-00,47.65,47.89,46.37,47.16,12562000
27-Dec-00,47.89,48.44,46.92,46.92,12231700
26-Dec-00,47.19,47.98,46.64,47.86,9113800
22-Dec-00,46.70,47.92,46.46,47.43,11699900
21-Dec-00,46.16,47.07,45.80,46.46,19675700
20-Dec-00,47.13,47.98,46.04,46.04,20264400
19-Dec-00,49.49,49.92,48.65,48.65,15377800
18-Dec-00,49.07,49.92,49.01,49.49,13941300
15-Dec-00,48.89,49.74,47.80,48.34,35899600
14-Dec-00,51.19,51.25,49.92,49.92,15750200
13-Dec-00,51.25,52.04,51.19,51.44,17563400
12-Dec-00,52.29,53.44,50.77,51.25,25319900
11-Dec-00,53.56,54.53,52.77,53.68,16445000
8-Dec-00,52.89,53.92,52.71,53.56,16858500
7-Dec-00,51.56,52.53,51.56,51.92,10359200
6-Dec-00,51.98,52.53,51.31,52.35,15878700
5-Dec-00,50.22,52.89,50.10,52.53,19991000
4-Dec-00,49.49,50.34,49.31,50.10,11993500
1-Dec-00,49.37,49.92,48.83,49.49,18202900
30-Nov-00,47.80,48.59,46.52,48.10,20149100
29-Nov-00,47.80,49.43,47.55,48.22,12740000
28-Nov-00,47.68,48.98,47.31,48.34,14812300
27-Nov-00,48.65,49.31,47.68,47.68,16086000
24-Nov-00,48.04,48.34,47.61,47.92,6303000
22-Nov-00,48.52,48.59,46.95,47.13,22223500
21-Nov-00,48.59,50.04,48.59,49.25,12194000
20-Nov-00,49.74,50.40,48.40,48.59,14794900
17-Nov-00,51.13,51.86,49.68,50.34,11987700
16-Nov-00,50.71,51.98,50.53,51.07,10313200
15-Nov-00,50.83,51.50,50.04,50.95,12136300
14-Nov-00,49.92,51.56,49.74,51.19,14707500
13-Nov-00,50.47,51.68,49.01,49.92,18458500
10-Nov-00,52.16,53.32,51.68,52.29,12252700
9-Nov-00,52.47,53.26,51.56,52.95,12295100
8-Nov-00,53.26,53.62,52.53,52.95,9482600
7-Nov-00,52.89,53.44,52.65,53.32,9680200
6-Nov-00,51.98,52.95,51.74,52.89,11944700
3-Nov-00,52.22,52.29,51.38,51.74,12062500
2-Nov-00,52.65,53.38,51.92,52.10,14338200
1-Nov-00,53.13,53.32,52.29,52.83,15900200
31-Oct-00,52.53,53.32,52.22,53.19,17172100
30-Oct-00,50.89,52.41,50.71,52.41,18234800
27-Oct-00,51.13,51.62,50.28,50.71,15464000
26-Oct-00,51.44,51.80,49.86,50.59,18670400
25-Oct-00,51.80,52.29,50.59,51.38,29252400
24-Oct-00,49.01,51.80,48.59,51.80,45995300
23-Oct-00,50.10,50.47,47.55,48.28,71299300
20-Oct-00,53.13,53.62,50.10,50.59,18000100
19-Oct-00,53.86,54.29,53.13,53.98,13189000
18-Oct-00,52.16,54.17,51.31,53.86,18415100
17-Oct-00,55.99,55.99,53.32,53.98,16856000
16-Oct-00,55.32,56.17,54.95,56.05,12994200
13-Oct-00,53.01,55.92,52.89,55.32,15552900
12-Oct-00,54.89,55.44,52.41,52.89,17409000
11-Oct-00,55.08,55.99,53.68,54.95,18511200
10-Oct-00,57.02,57.44,55.86,56.35,11007800
9-Oct-00,57.38,58.05,56.71,56.77,9687600
6-Oct-00,57.74,58.17,56.11,57.68,14005500
5-Oct-00,57.38,58.17,57.02,57.99,11778600
4-Oct-00,57.14,57.99,56.90,57.14,11419200
3-Oct-00,56.90,58.11,56.77,57.32,12229500
2-Oct-00,56.29,57.14,56.05,56.77,11895100
29-Sep-00,56.65,57.14,55.99,56.11,10709500
28-Sep-00,57.31,57.85,56.76,57.13,11164700
27-Sep-00,56.34,57.61,55.98,57.55,14682200
26-Sep-00,55.25,56.94,55.25,56.16,14044800
25-Sep-00,55.19,56.46,55.07,56.22,11003200
22-Sep-00,56.04,56.16,53.37,55.49,14249900
21-Sep-00,53.86,56.04,53.80,54.46,10721700
20-Sep-00,54.83,55.25,53.25,54.83,14211900
19-Sep-00,55.73,56.10,54.83,55.19,11888400
18-Sep-00,54.89,56.52,54.83,55.67,12821300
15-Sep-00,56.64,56.76,54.58,54.95,20244200
14-Sep-00,57.31,57.49,56.46,57.13,7924800
13-Sep-00,56.94,57.73,56.70,57.19,7604800
12-Sep-00,57.61,57.85,57.07,57.19,10180000
11-Sep-00,57.61,58.15,56.82,57.79,11777500
1-Sep-00,57.37,57.79,55.98,56.64,7741000
31-Aug-00,55.43,57.43,55.37,56.76,11900600
30-Aug-00,57.25,57.43,55.31,55.67,10482400
29-Aug-00,57.67,58.03,57.31,57.97,8230700
28-Aug-00,57.61,58.58,57.55,58.09,12556000
25-Aug-00,57.19,57.67,57.01,57.37,8098400
24-Aug-00,56.22,57.67,55.92,57.07,11981300
23-Aug-00,54.46,56.22,54.34,56.10,11312800
22-Aug-00,54.83,55.13,54.28,54.46,8087500
21-Aug-00,54.89,55.25,54.34,54.77,7814200
18-Aug-00,54.40,54.71,53.98,54.40,8319800
17-Aug-00,54.52,55.43,54.22,54.89,10330000
16-Aug-00,55.43,55.43,54.40,55.01,7451700
15-Aug-00,54.95,55.55,54.40,55.43,10792200
14-Aug-00,54.58,55.37,54.04,55.19,7795000
11-Aug-00,54.34,55.55,53.98,54.77,12111100
10-Aug-00,54.10,55.37,53.74,55.19,18241700
9-Aug-00,52.16,54.40,51.92,54.16,21437700
8-Aug-00,51.38,52.10,50.35,52.04,8808200
7-Aug-00,50.47,51.92,50.47,50.95,7729700
4-Aug-00,50.23,51.80,49.56,51.68,9088500
3-Aug-00,52.16,52.16,50.23,51.20,12935400
2-Aug-00,50.77,51.13,49.86,50.35,15445700
1-Aug-00,50.29,51.20,50.17,51.07,13002900
31-Jul-00,49.99,51.20,49.80,50.05,17194200
28-Jul-00,50.83,50.95,48.78,49.32,13406700
27-Jul-00,50.95,51.38,50.59,50.83,13786600
26-Jul-00,52.22,52.22,50.47,50.47,16765300
25-Jul-00,52.28,52.47,51.80,51.86,8467800
24-Jul-00,52.47,52.89,51.92,52.28,9440000
21-Jul-00,52.89,53.01,51.92,52.41,13019700
20-Jul-00,51.50,53.01,51.13,52.59,11220500
19-Jul-00,51.26,51.62,50.89,51.07,9531300
18-Jul-00,51.92,52.04,50.59,50.59,11987500
17-Jul-00,49.92,52.71,49.92,51.98,18369600
14-Jul-00,50.65,50.83,49.86,49.86,11123900
13-Jul-00,51.56,52.28,50.29,50.83,16100500
12-Jul-00,52.16,52.16,50.59,52.04,10783100
11-Jul-00,50.65,51.68,50.41,50.59,12912600
10-Jul-00,49.68,50.95,49.50,50.77,12246700
7-Jul-00,49.14,49.86,48.71,49.68,9937800
6-Jul-00,48.47,49.38,48.23,48.59,9616500
5-Jul-00,50.59,50.59,47.93,48.35,13558000
3-Jul-00,50.83,50.83,49.74,50.35,6604600
30-Jun-00,47.69,51.42,47.50,51.32,19076300
29-Jun-00,48.90,48.90,47.75,48.17,12893000
28-Jun-00,48.17,49.20,47.99,48.94,13246800
27-Jun-00,48.41,48.71,47.50,47.69,9813100
26-Jun-00,47.81,48.47,47.50,48.35,9103300
23-Jun-00,47.14,48.29,47.02,48.29,10195700
22-Jun-00,47.63,48.41,46.41,47.20,15694200
21-Jun-00,48.47,48.77,47.63,47.87,13845200
20-Jun-00,50.29,50.29,48.53,49.38,11161600
19-Jun-00,49.20,50.11,48.41,48.65,9807400
16-Jun-00,50.35,50.53,49.43,49.50,18995100
15-Jun-00,48.90,50.35,48.41,50.23,11984300
14-Jun-00,49.62,50.17,48.71,49.38,10300100
13-Jun-00,48.41,49.92,48.17,49.56,13406400
12-Jun-00,48.41,48.53,46.90,48.29,12246200
9-Jun-00,49.44,49.62,47.69,48.29,10962800
8-Jun-00,49.86,49.99,48.90,49.26,8691800
7-Jun-00,49.50,50.77,49.38,49.74,9976600
6-Jun-00,49.86,50.17,48.96,49.56,7964800
5-Jun-00,50.35,50.59,49.44,49.92,9592300
2-Jun-00,51.62,52.28,50.11,51.07,12014700
1-Jun-00,50.41,51.68,49.14,50.71,12817600
31-May-00,50.11,51.62,49.86,50.95,14464600
30-May-00,48.23,49.86,47.81,49.62,12945500
26-May-00,48.84,49.32,47.75,47.99,8866300
25-May-00,49.14,50.17,48.17,49.14,11438500
24-May-00,47.44,49.62,47.44,49.14,14942600
23-May-00,47.63,48.41,47.38,48.41,12092000
22-May-00,50.23,50.23,47.20,48.41,16754600
19-May-00,50.47,51.01,49.38,50.23,12893000
18-May-00,51.80,52.65,51.20,51.44,12866900
17-May-00,52.04,52.65,51.44,51.92,11294900
16-May-00,53.07,53.43,52.28,52.53,16931900
15-May-00,50.65,52.71,50.59,52.28,13556300
12-May-00,49.20,50.95,49.08,50.59,10713800
11-May-00,49.86,50.71,49.14,49.32,13437300
10-May-00,49.86,50.41,48.47,49.02,15059400
9-May-00,50.71,51.01,49.26,50.47,13439400
8-May-00,50.47,51.20,49.99,50.77,11676500
5-May-00,49.70,51.64,49.54,50.99,6895300
4-May-00,50.81,50.83,49.30,49.70,5137000
