Date,Open,High,Low,Close,Volume
2-Aug-02,41.35,42.00,40.66,41.16,1003100
1-Aug-02,41.44,41.85,41.05,41.15,858500
31-Jul-02,40.64,41.45,40.49,41.45,1315000
30-Jul-02,40.38,40.84,40.04,40.47,1874300
29-Jul-02,40.30,40.37,39.90,40.27,1454200
26-Jul-02,40.00,40.00,39.35,39.85,1380600
25-Jul-02,39.91,40.13,39.21,39.70,2864100
24-Jul-02,38.15,39.97,37.38,39.90,1859800
23-Jul-02,38.21,38.97,37.80,38.53,2094000
22-Jul-02,38.99,39.93,38.08,38.40,2181800
19-Jul-02,40.23,40.55,38.85,38.99,2719500
18-Jul-02,42.45,42.72,40.05,40.23,1890500
17-Jul-02,42.40,43.47,42.27,42.80,1259300
16-Jul-02,42.96,43.10,42.07,42.26,1844900
15-Jul-02,42.07,43.44,41.79,43.36,1961700
12-Jul-02,43.08,43.08,41.95,42.16,873700
11-Jul-02,43.25,43.51,43.00,43.20,1404200
10-Jul-02,43.45,43.85,43.13,43.35,1651000
9-Jul-02,44.33,44.59,43.35,43.54,1331800
8-Jul-02,43.84,44.42,43.81,44.33,1014600
5-Jul-02,43.43,43.97,42.90,43.97,412200
3-Jul-02,43.78,43.90,42.58,43.14,859200
2-Jul-02,43.48,44.02,43.46,43.64,1315300
1-Jul-02,44.17,44.30,43.61,43.78,1628300
28-Jun-02,44.82,44.84,43.81,43.81,2948800
27-Jun-02,44.34,45.01,44.28,44.92,1943500
26-Jun-02,43.08,44.17,42.44,44.08,2158200
25-Jun-02,42.78,43.03,42.00,42.58,2981400
24-Jun-02,42.73,42.92,41.92,42.68,1741200
21-Jun-02,42.83,43.19,42.78,43.01,1711600
20-Jun-02,43.58,43.90,42.98,43.23,2218700
19-Jun-02,43.23,43.72,43.13,43.62,961500
18-Jun-02,43.53,43.63,43.18,43.53,1238000
17-Jun-02,42.73,43.48,42.73,43.33,920800
14-Jun-02,42.68,42.87,42.48,42.64,2027200
13-Jun-02,43.23,43.53,43.08,43.20,1143700
12-Jun-02,43.45,43.66,43.23,43.34,1193300
11-Jun-02,43.82,44.16,43.22,43.45,982200
10-Jun-02,44.09,44.09,43.63,43.82,703200
7-Jun-02,43.88,44.45,43.68,44.04,1604300
6-Jun-02,44.87,44.88,43.89,44.23,680100
5-Jun-02,44.37,44.96,43.97,44.90,636700
4-Jun-02,44.37,44.92,44.03,44.37,1024100
3-Jun-02,45.10,45.35,44.48,44.71,814500
31-May-02,44.47,45.58,44.41,45.22,885500
30-May-02,44.68,44.82,44.23,44.65,705800
29-May-02,44.38,44.72,44.25,44.72,562800
28-May-02,44.67,44.68,44.20,44.37,625500
24-May-02,44.97,45.01,44.56,44.82,901300
23-May-02,44.96,45.01,44.47,44.78,827000
22-May-02,44.22,45.04,44.22,44.96,922700
21-May-02,43.83,44.22,43.83,44.08,820800
20-May-02,44.27,44.27,43.73,43.83,709600
17-May-02,44.40,44.42,43.91,44.22,558000
16-May-02,44.17,44.63,44.08,44.40,654600
15-May-02,44.32,44.49,43.76,43.85,934200
14-May-02,44.62,44.66,44.01,44.32,752600
13-May-02,44.32,44.35,43.71,44.14,823500
10-May-02,44.32,44.73,43.93,44.16,1827500
9-May-02,44.22,44.62,43.91,44.13,844000
8-May-02,44.13,44.13,43.71,44.01,1288500
7-May-02,44.42,44.52,43.73,43.73,2080400
6-May-02,44.89,44.97,44.21,44.35,1685500
3-May-02,45.71,45.81,44.72,44.89,3361600
2-May-02,44.60,45.31,44.32,45.30,1808900
1-May-02,43.97,44.34,43.68,44.27,1894100
30-Apr-02,43.03,44.02,42.90,43.78,3382400
29-Apr-02,43.28,43.58,42.66,42.75,4704600
26-Apr-02,42.04,42.89,41.34,42.66,16472600
25-Apr-02,48.70,48.87,44.56,45.02,8563200
24-Apr-02,49.74,50.00,48.70,48.76,1171800
23-Apr-02,49.79,49.89,49.47,49.72,557700
22-Apr-02,49.24,49.81,49.10,49.59,982300
19-Apr-02,49.16,49.59,48.66,49.49,869900
18-Apr-02,48.35,49.05,47.94,48.99,1144600
17-Apr-02,49.69,49.69,48.49,48.71,1575300
16-Apr-02,49.19,49.83,49.00,49.69,1680000
15-Apr-02,49.99,50.09,48.74,48.85,892400
12-Apr-02,49.59,49.99,49.29,49.87,860800
11-Apr-02,49.45,49.83,49.27,49.49,1135800
10-Apr-02,49.10,49.64,48.99,49.53,927700
9-Apr-02,48.91,49.37,48.30,49.34,1193400
8-Apr-02,48.60,48.94,48.50,48.90,528100
5-Apr-02,48.67,48.77,48.01,48.60,605500
4-Apr-02,47.73,48.67,47.67,48.61,657700
3-Apr-02,47.72,48.34,47.51,47.60,834300
2-Apr-02,47.68,47.99,47.52,47.71,1290300
1-Apr-02,48.28,48.28,47.63,47.68,1313300
28-Mar-02,48.23,48.78,48.04,48.28,691000
27-Mar-02,48.57,48.82,48.08,48.30,781500
26-Mar-02,48.18,48.87,48.18,48.56,1449800
25-Mar-02,47.44,48.41,47.44,47.96,918800
22-Mar-02,47.70,48.02,47.52,47.72,971300
21-Mar-02,46.74,47.66,46.05,47.44,1676600
20-Mar-02,47.14,47.62,46.33,46.67,2213200
19-Mar-02,47.47,48.43,47.23,47.44,1769900
18-Mar-02,47.70,47.70,46.52,47.46,1330200
15-Mar-02,47.34,47.72,46.88,47.70,1536200
14-Mar-02,46.40,47.01,46.40,46.81,802000
13-Mar-02,46.35,46.60,46.10,46.31,1303100
12-Mar-02,46.10,46.28,45.56,46.25,1423600
11-Mar-02,45.85,46.39,45.67,45.73,1637300
8-Mar-02,45.31,45.60,45.01,45.46,2724200
7-Mar-02,44.91,45.03,44.47,44.86,1799200
6-Mar-02,44.77,45.25,44.52,44.91,1282200
5-Mar-02,43.48,44.48,43.48,44.48,2985300
4-Mar-02,45.40,45.40,43.28,43.48,4478900
1-Mar-02,45.69,45.69,44.67,45.40,3314300
28-Feb-02,46.69,46.79,45.65,45.69,3000800
27-Feb-02,46.55,46.94,46.45,46.80,2588300
26-Feb-02,47.39,47.44,46.83,47.20,1655300
25-Feb-02,46.64,47.10,46.53,46.97,1644400
22-Feb-02,45.90,46.89,45.51,46.71,897500
21-Feb-02,46.55,46.82,45.60,45.74,2042100
20-Feb-02,46.05,47.02,45.41,46.94,2239400
19-Feb-02,46.25,46.89,45.95,46.05,1862700
15-Feb-02,46.10,46.92,46.09,46.32,1097400
14-Feb-02,45.61,46.30,45.06,46.30,1227500
13-Feb-02,46.20,46.53,45.25,45.43,1655000
12-Feb-02,45.76,46.20,45.61,46.08,1708300
11-Feb-02,45.51,45.81,45.11,45.67,1845900
8-Feb-02,44.82,45.61,44.17,45.46,2277300
7-Feb-02,43.14,44.70,43.14,44.37,4615600
6-Feb-02,43.98,44.22,42.71,43.04,10876600
5-Feb-02,48.47,48.72,47.85,48.14,722700
4-Feb-02,48.42,48.92,47.87,48.10,997000
1-Feb-02,49.11,49.19,47.92,48.26,1397100
31-Jan-02,48.57,49.21,48.28,48.97,1069600
30-Jan-02,47.48,48.86,47.44,48.79,1569100
29-Jan-02,47.44,47.67,47.07,47.48,1263200
28-Jan-02,47.90,48.03,47.48,47.70,1088300
25-Jan-02,48.11,48.23,47.50,47.89,875700
24-Jan-02,48.72,48.82,47.53,48.11,1750600
23-Jan-02,49.16,49.26,48.62,48.87,661700
22-Jan-02,49.26,49.48,49.08,49.33,729600
18-Jan-02,48.97,49.56,48.74,49.36,1219900
17-Jan-02,48.59,48.90,47.99,48.80,988400
16-Jan-02,48.92,49.23,48.58,48.59,741100
15-Jan-02,48.35,49.02,48.03,48.92,1058100
14-Jan-02,47.91,48.82,47.70,48.35,1232800
11-Jan-02,47.67,48.37,47.56,47.91,765100
10-Jan-02,48.10,48.55,47.81,47.91,1064200
9-Jan-02,48.76,49.13,47.88,48.00,1944100
8-Jan-02,48.69,48.86,48.31,48.76,1103900
7-Jan-02,49.23,49.26,48.37,48.50,1830100
4-Jan-02,50.09,50.09,48.90,49.24,1109000
3-Jan-02,50.08,50.22,49.68,50.09,741100
2-Jan-02,50.84,50.84,49.30,50.07,2340800
31-Dec-01,51.26,51.40,50.88,51.11,743000
28-Dec-01,51.82,51.89,51.25,51.46,861700
27-Dec-01,51.47,51.95,51.01,51.95,1304000
26-Dec-01,50.86,51.58,50.86,51.47,925700
24-Dec-01,50.71,51.10,50.62,50.85,634200
21-Dec-01,50.41,51.00,50.40,51.00,1621000
20-Dec-01,50.12,50.41,49.80,50.40,2402800
19-Dec-01,49.52,50.90,49.05,50.46,2763300
18-Dec-01,49.12,49.52,48.55,49.52,983600
17-Dec-01,48.70,49.07,48.42,48.64,1176600
14-Dec-01,48.10,49.04,48.00,48.69,1188100
13-Dec-01,47.50,48.60,47.49,48.32,1071400
12-Dec-01,47.90,48.04,47.17,47.50,1843400
11-Dec-01,48.03,48.39,47.78,47.91,630000
10-Dec-01,48.15,48.64,47.91,48.03,598300
7-Dec-01,48.25,48.69,48.15,48.24,926300
6-Dec-01,48.86,48.99,48.20,48.21,1020400
5-Dec-01,49.54,49.74,48.85,49.16,1581500
4-Dec-01,49.50,49.63,48.99,49.54,1251900
3-Dec-01,48.50,49.63,48.26,49.50,1789300
30-Nov-01,48.01,48.84,47.98,48.50,1375700
29-Nov-01,47.66,48.10,47.53,48.01,1262900
28-Nov-01,47.07,47.86,46.97,47.68,883800
27-Nov-01,47.66,47.72,47.07,47.07,1197500
26-Nov-01,47.61,47.87,47.49,47.71,872700
23-Nov-01,47.39,47.84,47.18,47.75,381600
21-Nov-01,47.17,47.63,46.93,47.40,1141000
20-Nov-01,47.12,47.47,46.97,47.17,1439100
19-Nov-01,47.63,47.63,47.00,47.16,2505700
16-Nov-01,48.88,49.12,47.50,47.63,1898300
15-Nov-01,48.65,49.43,48.58,48.64,1856700
14-Nov-01,48.71,49.35,48.38,49.15,1638900
13-Nov-01,48.89,48.89,48.16,48.61,1651800
12-Nov-01,47.91,49.14,47.86,48.28,2556400
9-Nov-01,48.46,49.14,47.56,47.91,6473200
8-Nov-01,50.14,50.27,48.65,48.75,4081600
7-Nov-01,49.23,50.28,49.11,49.91,3303400
6-Nov-01,49.17,49.47,48.96,49.37,3893800
5-Nov-01,48.40,49.87,48.30,49.33,7837600
2-Nov-01,46.48,48.44,46.48,48.11,8899800
1-Nov-01,45.13,46.62,45.13,46.19,16511700
31-Oct-01,45.01,45.45,44.52,45.13,4243500
30-Oct-01,44.13,44.49,43.75,44.21,1316900
29-Oct-01,44.17,44.18,43.64,44.13,1605900
26-Oct-01,43.63,44.12,43.22,44.06,1220800
25-Oct-01,42.93,43.63,42.62,43.63,2790900
24-Oct-01,43.53,43.83,42.97,43.10,5019000
23-Oct-01,42.75,42.90,42.18,42.45,2067500
22-Oct-01,42.55,42.80,42.06,42.40,1720400
19-Oct-01,42.14,42.38,42.06,42.25,900800
18-Oct-01,42.11,42.39,42.10,42.24,1592200
17-Oct-01,42.26,42.88,42.06,42.26,1405600
16-Oct-01,42.11,42.27,42.01,42.24,1202400
15-Oct-01,42.01,42.33,41.77,42.21,1416000
12-Oct-01,42.50,42.52,41.86,42.01,1412100
11-Oct-01,42.89,42.94,42.31,42.45,1878900
10-Oct-01,42.36,42.78,42.26,42.65,1522800
9-Oct-01,42.44,42.45,41.94,42.19,966400
8-Oct-01,42.24,42.70,42.11,42.21,2127700
5-Oct-01,42.31,43.14,42.31,42.73,1326700
4-Oct-01,42.57,42.59,41.83,42.15,1880700
3-Oct-01,42.96,43.12,42.18,42.41,2013800
2-Oct-01,43.35,43.55,42.87,43.06,1611300
1-Oct-01,44.19,44.19,43.15,43.55,1179000
28-Sep-01,44.58,44.58,43.83,44.43,1049700
27-Sep-01,43.57,44.18,43.21,44.15,1814400
26-Sep-01,43.99,44.23,43.31,43.57,1257900
25-Sep-01,43.21,43.92,43.16,43.65,1953300
24-Sep-01,42.62,43.68,42.62,43.60,1691600
21-Sep-01,43.50,43.51,42.24,42.38,3304600
20-Sep-01,44.72,44.97,44.14,44.62,1936300
19-Sep-01,45.06,45.25,44.49,44.95,1649800
18-Sep-01,44.33,45.49,43.53,45.31,2436700
17-Sep-01,44.82,44.82,43.60,43.98,2772700
10-Sep-01,44.04,44.66,44.04,44.65,1762200
7-Sep-01,44.38,44.38,44.04,44.18,2058200
6-Sep-01,43.61,44.40,43.36,44.05,910600
5-Sep-01,43.75,44.09,43.27,43.85,750000
4-Sep-01,43.40,43.90,43.26,43.69,731100
31-Aug-01,43.11,43.59,42.67,43.30,580500
30-Aug-01,43.01,43.84,42.82,42.98,671700
29-Aug-01,43.33,43.44,42.97,43.01,343000
28-Aug-01,43.70,43.81,43.39,43.48,1008100
27-Aug-01,43.56,44.17,43.50,43.65,543100
24-Aug-01,43.79,44.18,43.54,43.79,1029300
23-Aug-01,44.23,44.29,43.75,43.99,620400
22-Aug-01,43.77,44.14,43.50,44.01,1467200
21-Aug-01,43.60,44.23,43.54,43.94,1077000
20-Aug-01,43.40,43.60,43.21,43.40,546900
17-Aug-01,42.85,43.35,42.80,43.26,464600
16-Aug-01,43.01,43.26,42.48,43.06,463900
15-Aug-01,43.08,43.40,42.80,43.16,547000
14-Aug-01,42.77,42.94,42.49,42.84,734500
13-Aug-01,43.50,43.70,42.77,42.77,969100
10-Aug-01,42.92,43.56,42.92,43.45,781600
9-Aug-01,41.99,43.45,41.85,43.11,965300
8-Aug-01,41.91,42.33,41.89,41.90,520800
7-Aug-01,41.99,42.33,41.60,42.15,648200
6-Aug-01,42.28,42.52,41.90,41.93,528500
3-Aug-01,43.03,43.21,42.23,42.39,755100
2-Aug-01,42.67,43.03,42.10,43.00,649600
1-Aug-01,43.10,43.12,42.40,42.62,772300
31-Jul-01,42.37,43.16,41.89,42.94,1167200
30-Jul-01,42.67,42.77,42.10,42.37,1019400
27-Jul-01,43.41,43.41,42.48,42.67,924000
26-Jul-01,43.99,43.99,43.31,43.41,873900
25-Jul-01,43.45,44.15,43.11,44.14,1204100
24-Jul-01,43.14,43.58,42.98,43.26,796100
23-Jul-01,43.45,43.68,43.00,43.19,631200
20-Jul-01,43.11,43.50,42.95,43.21,658900
19-Jul-01,42.97,43.31,42.80,42.94,770800
18-Jul-01,42.87,43.29,42.75,43.06,582500
17-Jul-01,42.62,42.99,42.43,42.95,659200
16-Jul-01,42.48,42.67,42.28,42.48,567300
13-Jul-01,42.71,42.73,42.13,42.43,622100
12-Jul-01,42.98,43.01,42.32,42.66,696600
11-Jul-01,42.77,43.12,42.69,43.03,738100
10-Jul-01,42.38,42.86,42.38,42.55,419400
9-Jul-01,42.52,42.85,42.28,42.49,598200
6-Jul-01,42.67,42.84,42.42,42.52,776000
5-Jul-01,42.23,42.60,42.23,42.43,768500
3-Jul-01,42.60,42.62,42.14,42.47,501400
2-Jul-01,42.69,42.74,42.02,42.45,1461900
29-Jun-01,42.11,42.60,41.66,42.48,1372200
28-Jun-01,41.63,42.27,41.38,41.97,1228800
27-Jun-01,41.19,41.68,40.96,41.53,839500
26-Jun-01,41.16,41.46,41.04,41.04,870100
25-Jun-01,41.63,42.01,41.19,41.27,770300
22-Jun-01,41.82,42.11,41.71,41.82,572200
21-Jun-01,41.84,42.21,41.72,41.72,784200
20-Jun-01,41.60,42.11,41.60,41.72,946900
19-Jun-01,41.38,41.66,41.14,41.60,579200
18-Jun-01,41.58,41.78,41.43,41.43,514500
15-Jun-01,41.36,42.09,41.36,41.57,1002700
14-Jun-01,41.48,41.86,41.44,41.55,729500
13-Jun-01,41.97,41.97,41.44,41.44,796800
12-Jun-01,41.77,41.77,41.31,41.57,734000
11-Jun-01,41.45,41.81,41.29,41.53,907400
8-Jun-01,41.72,42.01,41.47,41.65,362600
7-Jun-01,41.68,41.94,41.55,41.83,949300
6-Jun-01,41.92,41.94,41.43,41.64,867300
5-Jun-01,41.68,41.90,41.41,41.68,568500
4-Jun-01,41.48,41.62,41.29,41.53,503000
1-Jun-01,41.23,41.50,41.14,41.38,544700
31-May-01,40.92,41.39,40.92,41.10,889200
30-May-01,41.14,41.77,41.09,41.14,815800
29-May-01,40.80,41.29,40.80,41.29,788200
25-May-01,40.94,41.29,40.88,40.95,1079200
24-May-01,40.75,41.82,40.71,41.18,1333800
23-May-01,40.32,40.85,40.22,40.52,1386600
22-May-01,39.43,40.61,39.07,40.24,1763700
21-May-01,38.86,39.69,38.76,39.68,1534100
18-May-01,38.78,39.01,38.66,38.95,793800
17-May-01,39.44,39.44,38.57,38.76,901100
16-May-01,38.76,39.48,38.72,39.40,1042300
15-May-01,39.06,39.06,38.68,38.79,741600
14-May-01,38.81,38.99,38.70,38.87,1259500
11-May-01,38.96,39.10,38.49,38.65,614700
10-May-01,39.15,39.27,38.70,38.81,1598500
9-May-01,39.64,39.78,38.81,39.40,1485700
8-May-01,39.37,39.88,39.30,39.74,852900
7-May-01,39.23,39.56,38.89,39.34,795900
4-May-01,38.80,39.47,38.72,39.47,1141300
3-May-01,39.06,39.06,38.47,38.79,745500
2-May-01,39.30,39.60,38.81,39.19,2077500
1-May-01,38.57,38.62,38.16,38.61,1582600
30-Apr-01,38.81,38.83,37.94,38.24,2 00
27-Apr-01,37.41,38.23,37.26,37.83,1160600
26-Apr-01,36.71,38.09,36.68,37.65,2067400
25-Apr-01,36.48,37.34,36.39,36.53,2734200
24-Apr-01,36.48,36.85,36.15,36.43,2085700
23-Apr-01,36.78,37.22,36.75,36.85,1633900
20-Apr-01,37.84,37.94,36.78,37.00,2391600
19-Apr-01,38.47,38.79,38.11,38.53,782900
18-Apr-01,39.44,39.44,38.10,38.70,1044500
17-Apr-01,39.01,39.59,38.89,39.20,922900
16-Apr-01,39.01,39.72,38.92,39.11,578300
12-Apr-01,39.06,39.44,38.87,39.30,722000
11-Apr-01,39.55,39.55,38.76,38.96,807000
10-Apr-01,39.40,39.78,39.04,39.31,940100
9-Apr-01,39.88,40.03,39.34,39.64,1074900
6-Apr-01,39.98,40.56,39.30,39.49,1370400
5-Apr-01,40.97,40.97,39.82,40.07,1396100
4-Apr-01,41.10,41.45,40.48,40.97,1431800
3-Apr-01,41.11,41.14,40.44,40.96,709400
2-Apr-01,41.74,41.86,40.96,41.26,849500
30-Mar-01,41.60,41.93,41.31,41.46,1431600
29-Mar-01,41.40,41.77,40.55,41.31,841000
28-Mar-01,41.15,41.88,40.82,41.30,846400
27-Mar-01,40.54,41.35,40.54,41.15,960400
26-Mar-01,40.68,40.68,39.54,40.25,889300
23-Mar-01,40.14,40.87,39.28,40.30,742600
22-Mar-01,41.45,41.46,39.93,40.43,1085100
21-Mar-01,41.50,41.76,40.82,41.45,1065100
20-Mar-01,41.33,41.81,40.86,41.21,889400
19-Mar-01,41.21,41.67,40.99,41.12,645300
16-Mar-01,40.72,41.69,40.72,41.45,1623200
15-Mar-01,41.74,41.74,40.72,41.62,1089600
14-Mar-01,42.26,42.32,41.14,41.74,951300
13-Mar-01,42.63,42.65,42.12,42.55,675100
12-Mar-01,42.65,43.22,42.36,42.87,1022600
9-Mar-01,43.28,43.38,42.91,42.98,631200
8-Mar-01,42.89,43.47,42.66,43.18,887400
7-Mar-01,43.06,43.57,42.61,43.47,889800
6-Mar-01,44.18,44.18,43.25,43.58,885000
5-Mar-01,43.86,44.68,43.28,44.46,1065300
2-Mar-01,43.66,44.17,43.35,43.98,963200
1-Mar-01,43.23,43.47,43.01,43.42,1198100
28-Feb-01,42.49,43.28,42.49,43.23,1212800
27-Feb-01,42.41,42.59,41.64,42.49,1179400
26-Feb-01,41.93,42.60,41.74,42.35,834300
23-Feb-01,41.59,42.18,41.27,41.90,974300
22-Feb-01,42.41,42.69,41.47,41.83,856600
21-Feb-01,43.35,43.36,42.46,42.69,839700
20-Feb-01,42.41,43.76,42.32,43.00,1214500
16-Feb-01,42.39,42.80,42.15,42.63,568800
15-Feb-01,42.04,42.58,41.60,42.36,916000
14-Feb-01,42.33,42.49,41.74,42.16,1201900
13-Feb-01,42.14,43.17,41.65,42.71,1344200
12-Feb-01,41.64,42.03,41.35,41.90,707900
9-Feb-01,42.17,42.85,41.59,41.64,1033400
8-Feb-01,42.65,43.37,42.41,42.61,1351500
7-Feb-01,41.54,43.18,41.47,42.65,1456900
6-Feb-01,40.85,42.36,40.49,41.79,1423100
5-Feb-01,40.34,40.89,40.06,40.61,583900
2-Feb-01,40.47,40.47,39.87,40.01,431200
1-Feb-01,40.63,40.63,40.00,40.45,645000
31-Jan-01,39.28,40.84,39.11,40.39,1374000
30-Jan-01,38.85,39.45,38.55,39.27,1013600
29-Jan-01,38.85,39.29,38.50,38.85,664700
26-Jan-01,39.28,39.70,38.74,39.10,941800
25-Jan-01,38.92,39.40,38.62,39.04,1295200
24-Jan-01,39.28,39.64,38.68,38.92,1500600
23-Jan-01,39.34,39.64,38.86,39.28,1015200
22-Jan-01,38.92,39.28,38.80,39.22,591000
19-Jan-01,39.04,39.10,38.68,39.10,1185200
18-Jan-01,39.64,39.94,39.40,39.64,710700
17-Jan-01,40.00,40.18,39.64,39.76,1052800
16-Jan-01,39.52,40.60,39.52,40.48,1163100
12-Jan-01,39.82,39.94,38.92,39.52,1068100
11-Jan-01,41.15,41.15,40.00,40.00,1294900
10-Jan-01,41.57,41.57,40.79,41.15,634500
9-Jan-01,41.57,41.63,40.72,41.51,852600
8-Jan-01,40.66,41.63,40.66,41.51,741700
5-Jan-01,39.92,41.12,39.69,41.00,1084900
4-Jan-01,41.00,41.06,39.39,40.10,2413100
3-Jan-01,42.38,42.50,40.94,41.36,1537600
2-Jan-01,42.14,42.92,41.96,42.14,763300
29-Dec-00,42.44,43.40,42.38,42.68,970900
28-Dec-00,42.62,42.74,42.08,42.44,557800
27-Dec-00,42.14,42.74,41.90,42.26,1061700
26-Dec-00,40.70,41.96,40.70,41.90,1254200
22-Dec-00,39.98,40.82,39.86,40.70,1278300
21-Dec-00,40.10,40.16,39.33,39.92,1165800
20-Dec-00,39.15,39.92,38.91,39.92,1172400
19-Dec-00,39.74,40.10,39.03,39.15,1147300
18-Dec-00,37.95,39.57,37.95,39.39,1223700
15-Dec-00,37.65,38.73,37.65,37.95,1000000
14-Dec-00,38.55,38.61,38.01,38.25,483100
13-Dec-00,37.65,38.49,37.65,38.01,1844900
12-Dec-00,37.35,37.77,37.11,37.65,981100
11-Dec-00,38.61,38.61,37.17,37.53,2271600
8-Dec-00,38.31,39.27,37.71,39.03,1579300
7-Dec-00,37.59,38.79,37.47,38.31,1667100
6-Dec-00,38.43,38.67,37.71,37.83,898200
5-Dec-00,39.15,39.15,38.43,38.61,599400
4-Dec-00,39.74,39.80,38.79,39.15,1507100
1-Dec-00,39.39,39.39,38.61,39.03,776100
30-Nov-00,39.33,40.52,39.33,39.39,1310300
29-Nov-00,39.33,40.28,38.91,39.92,1257200
28-Nov-00,39.03,39.69,38.79,39.09,1793700
27-Nov-00,39.63,39.98,39.27,39.63,463800
24-Nov-00,40.28,40.40,39.45,39.51,461800
22-Nov-00,40.52,41.60,39.98,40.28,1691500
21-Nov-00,38.73,40.22,38.13,40.16,2070000
20-Nov-00,38.55,39.39,38.49,38.67,589700
17-Nov-00,38.61,38.67,38.01,38.37,690900
16-Nov-00,38.91,39.03,38.43,38.61,780100
15-Nov-00,38.61,38.85,38.13,38.67,974300
14-Nov-00,38.49,38.97,38.43,38.55,740800
13-Nov-00,39.15,39.45,38.79,38.91,802900
10-Nov-00,39.27,39.57,39.03,39.27,1023900
9-Nov-00,39.45,40.04,38.67,39.03,1302600
8-Nov-00,38.37,39.57,38.25,39.21,1201100
7-Nov-00,39.03,39.09,38.61,38.61,532500
6-Nov-00,38.61,39.74,38.25,39.03,1188700
3-Nov-00,39.27,39.74,38.37,38.61,2158000
2-Nov-00,39.74,39.92,38.79,38.79,1933200
1-Nov-00,40.04,40.16,38.97,39.39,2204600
31-Oct-00,38.91,40.16,38.91,39.98,2302600
30-Oct-00,38.19,39.39,38.07,39.27,1532800
27-Oct-00,37.35,37.95,37.35,37.95,506300
26-Oct-00,37.41,38.01,36.45,37.59,2523800
25-Oct-00,37.11,37.71,36.99,37.47,683000
24-Oct-00,36.63,37.11,36.63,36.93,808400
23-Oct-00,35.97,36.87,35.97,36.57,1011600
20-Oct-00,36.21,36.33,35.97,36.09,592500
19-Oct-00,35.20,36.69,35.02,36.21,2010200
18-Oct-00,35.08,35.73,34.96,35.44,1707200
17-Oct-00,35.67,36.03,35.32,35.32,898500
16-Oct-00,35.61,36.21,35.61,35.73,1446000
13-Oct-00,36.03,36.09,35.56,35.73,646700
12-Oct-00,35.91,36.21,35.61,36.03,568700
11-Oct-00,35.73,36.33,35.73,36.09,505400
10-Oct-00,35.79,36.09,35.50,35.97,1655500
9-Oct-00,35.85,36.03,35.50,35.56,713600
6-Oct-00,35.44,36.09,35.44,35.85,1207400
5-Oct-00,34.66,35.67,34.60,35.44,1170300
4-Oct-00,33.86,34.99,33.86,34.57,935500
3-Oct-00,33.92,34.28,33.74,33.98,851100
2-Oct-00,33.62,33.98,33.27,33.86,682500
29-Sep-00,34.22,34.63,33.44,33.74,1074400
28-Sep-00,34.22,34.57,33.98,34.04,827600
27-Sep-00,33.50,33.98,33.15,33.74,1453500
26-Sep-00,32.55,33.15,32.43,33.09,2495300
25-Sep-00,32.97,33.21,32.20,32.32,813700
22-Sep-00,32.26,33.15,32.26,32.73,1513200
21-Sep-00,31.60,32.32,31.60,31.90,1266600
20-Sep-00,31.01,31.48,30.83,31.31,782100
19-Sep-00,30.95,31.25,30.89,31.01,417100
18-Sep-00,31.25,31.31,30.95,30.95,438200
15-Sep-00,30.77,31.66,30.71,31.19,1553200
14-Sep-00,31.19,31.42,30.59,30.83,897500
13-Sep-00,31.13,31.42,30.95,31.19,971700
12-Sep-00,30.53,31.07,30.00,30.89,981100
11-Sep-00,30.71,30.71,29.94,30.18,733000
8-Sep-00,30.36,31.01,30.12,30.59,679500
7-Sep-00,30.30,30.47,30.18,30.42,453700
6-Sep-00,30.24,30.36,29.82,30.30,422300
5-Sep-00,29.94,30.47,29.94,30.12,542700
1-Sep-00,30.47,30.59,30.24,30.30,523200
31-Aug-00,30.30,30.71,30.00,30.55,693000
30-Aug-00,30.65,30.65,30.30,30.47,910700
29-Aug-00,31.48,31.48,30.53,30.65,830300
28-Aug-00,30.77,31.48,30.65,31.13,744600
25-Aug-00,31.19,31.19,30.53,30.71,683000
24-Aug-00,31.48,31.66,31.19,31.19,476300
23-Aug-00,30.65,31.78,30.59,31.54,1182100
22-Aug-00,31.31,31.37,30.83,30.89,866200
21-Aug-00,31.48,31.69,31.31,31.31,335200
18-Aug-00,31.31,31.78,31.31,31.54,1174200
17-Aug-00,32.08,32.32,31.48,31.78,1555600
16-Aug-00,32.91,32.91,32.08,32.20,1038000
15-Aug-00,33.27,33.27,32.73,32.79,706000
14-Aug-00,32.97,33.15,32.79,33.03,342400
11-Aug-00,33.15,33.50,32.97,33.09,784500
10-Aug-00,32.79,33.44,32.73,33.09,1112300
9-Aug-00,32.91,32.97,32.43,32.55,966000
8-Aug-00,32.43,33.03,32.43,32.85,655800
7-Aug-00,32.61,33.12,32.61,33.03,583800
4-Aug-00,33.21,33.21,32.79,33.03,1779900
3-Aug-00,33.21,33.50,33.21,33.44,854200
2-Aug-00,33.03,33.39,32.97,33.15,1219300
1-Aug-00,32.79,33.21,32.79,32.91,1207700
31-Jul-00,33.09,33.15,32.61,32.67,945300
28-Jul-00,32.55,33.21,32.55,33.09,751800
27-Jul-00,33.27,33.44,32.91,33.03,901100
26-Jul-00,33.03,33.21,32.73,32.94,1965000
25-Jul-00,33.21,33.44,32.97,33.27,1571900
24-Jul-00,33.21,33.50,33.09,33.15,1727300
21-Jul-00,33.50,33.74,33.27,33.56,1650300
20-Jul-00,33.39,33.62,33.15,33.50,1517400
19-Jul-00,33.15,33.56,33.03,33.27,2429000
18-Jul-00,31.96,33.56,31.96,33.15,3241900
17-Jul-00,33.68,34.04,31.66,33.27,4629200
14-Jul-00,35.29,35.58,34.40,34.51,1491600
13-Jul-00,34.81,35.58,34.81,35.17,1896800
12-Jul-00,34.75,35.29,34.51,34.93,962600
11-Jul-00,35.23,35.29,34.40,34.99,1482800
10-Jul-00,36.06,36.06,34.99,35.17,1155800
7-Jul-00,36.36,36.36,35.94,36.06,485400
6-Jul-00,36.41,36.77,36.12,36.36,537000
5-Jul-00,36.10,36.80,36.04,36.51,1267000
3-Jul-00,36.27,36.33,35.63,36.04,286400
30-Jun-00,36.22,36.69,36.04,36.10,946500
29-Jun-00,36.45,36.75,36.22,36.45,537000
28-Jun-00,36.16,36.98,35.92,36.48,960800
27-Jun-00,36.57,36.80,36.22,36.45,808100
26-Jun-00,36.10,36.33,35.74,36.16,800400
23-Jun-00,36.04,36.22,35.57,35.74,594100
22-Jun-00,35.74,35.92,34.98,35.80,1044400
21-Jun-00,35.92,36.39,35.57,35.68,674300
20-Jun-00,36.22,36.39,36.04,36.04,802700
19-Jun-00,36.80,36.86,36.39,36.45,953700
16-Jun-00,37.34,37.39,36.33,36.51,1527400
15-Jun-00,37.75,37.93,37.34,37.75,878100
14-Jun-00,38.10,38.28,37.63,37.98,690200
13-Jun-00,37.10,38.46,37.10,37.75,874700
12-Jun-00,36.57,37.69,36.57,37.39,637200
9-Jun-00,36.98,37.34,36.69,36.75,705600
8-Jun-00,37.10,37.22,36.57,37.22,789900
7-Jun-00,37.51,38.16,37.45,37.75,725800
6-Jun-00,36.33,37.63,35.86,37.51,1154000
5-Jun-00,37.10,37.34,36.39,36.57,558300
2-Jun-00,37.51,37.81,37.28,37.34,735300
1-Jun-00,37.75,38.22,37.16,37.39,893500
31-May-00,38.34,38.34,37.10,37.45,828100
30-May-00,38.57,39.40,38.10,38.34,958000
26-May-00,37.28,39.05,37.28,38.69,1268100
25-May-00,37.51,37.98,37.39,37.57,1181000
24-May-00,37.51,37.98,37.45,37.81,1308100
23-May-00,36.80,37.45,36.80,37.39,897500
22-May-00,36.80,37.63,36.39,37.39,1244300
19-May-00,36.33,37.63,36.33,37.57,1091500
18-May-00,36.51,36.98,36.51,36.69,508800
17-May-00,36.57,37.22,36.39,36.86,811900
16-May-00,36.57,36.86,36.16,36.51,886200
15-May-00,35.86,36.69,35.86,36.33,916000
12-May-00,36.33,36.51,35.92,36.27,525100
11-May-00,36.10,36.63,35.98,36.27,456000
10-May-00,35.98,36.45,35.98,36.10,314700
9-May-00,35.68,36.57,35.68,36.10,476300
8-May-00,35.98,36.39,35.86,36.04,866700
5-May-00,35.80,36.22,35.80,35.92,559800
4-May-00,35.51,36.39,35.39,35.92,1136100
