Date,Open,High,Low,Close,Volume
2-Aug-02,68.21,68.23,67.12,67.88,6915000
1-Aug-02,70.40,70.70,67.22,68.25,8832000
31-Jul-02,70.75,71.60,69.11,70.40,12718600
30-Jul-02,70.50,72.70,70.02,71.79,10138600
29-Jul-02,70.37,71.40,68.00,71.18,11919300
26-Jul-02,68.75,69.47,65.76,66.40,11576400
25-Jul-02,68.90,70.00,67.30,69.35,10989800
24-Jul-02,66.00,70.00,65.70,69.54,13804500
23-Jul-02,68.25,70.00,66.66,67.05,12766700
22-Jul-02,71.25,72.19,68.31,68.50,14866900
19-Jul-02,70.96,72.70,70.00,72.00,11612900
18-Jul-02,70.50,74.20,70.00,72.05,15310800
17-Jul-02,71.00,71.60,69.62,70.69,11537300
16-Jul-02,69.51,71.39,68.48,69.01,10486800
15-Jul-02,68.40,71.00,66.60,71.00,10420900
12-Jul-02,70.00,71.74,68.80,69.21,8572200
11-Jul-02,68.00,69.75,67.55,69.41,11026400
10-Jul-02,70.60,71.25,68.53,68.76,10073400
9-Jul-02,71.40,72.25,69.45,69.67,11165600
8-Jul-02,73.00,73.48,71.03,71.30,9488100
5-Jul-02,72.45,73.90,72.00,73.50,5243000
3-Jul-02,67.95,70.71,67.87,70.51,8469900
2-Jul-02,67.85,69.40,67.70,68.58,12012900
1-Jul-02,72.01,72.41,67.16,67.60,12055900
28-Jun-02,71.35,73.62,71.25,72.00,10945600
27-Jun-02,71.20,72.15,69.10,71.90,10610100
26-Jun-02,66.10,70.59,66.10,70.05,11544000
25-Jun-02,70.30,71.45,68.41,68.60,8554800
24-Jun-02,67.25,71.49,67.25,69.70,14687700
21-Jun-02,70.00,70.99,68.19,68.75,15542600
20-Jun-02,74.00,74.09,71.43,71.58,11116900
19-Jun-02,74.20,75.20,73.25,73.35,9455400
18-Jun-02,75.60,76.90,75.47,75.94,7242000
17-Jun-02,76.18,77.75,75.16,77.14,7775800
14-Jun-02,74.20,76.77,73.25,76.17,8592000
13-Jun-02,75.45,77.40,75.30,75.60,8909600
12-Jun-02,75.40,75.95,73.25,74.65,13296100
11-Jun-02,77.85,78.25,75.20,75.49,7953400
10-Jun-02,77.75,78.80,76.60,76.80,7075800
7-Jun-02,78.48,78.85,77.00,78.30,9309400
6-Jun-02,80.55,80.95,78.89,79.66,5540600
5-Jun-02,79.65,80.71,79.11,80.55,7172100
4-Jun-02,78.11,79.65,77.60,79.31,7273200
3-Jun-02,80.75,80.91,78.00,78.11,8383600
31-May-02,82.05,82.05,80.40,80.45,5126200
30-May-02,80.60,82.25,80.22,82.25,7374100
29-May-02,81.50,82.00,81.00,81.60,4519500
28-May-02,82.80,83.11,81.69,82.08,4552100
24-May-02,83.65,83.75,82.62,83.10,4122000
23-May-02,84.25,85.05,82.52,84.35,6865600
22-May-02,83.76,84.39,82.74,84.00,5040700
21-May-02,84.41,85.00,83.30,83.45,4454000
20-May-02,85.45,85.46,83.93,84.45,4530300
17-May-02,86.25,86.40,85.00,85.69,5874800
16-May-02,84.20,86.00,83.40,85.45,6768300
15-May-02,84.60,86.49,84.05,84.50,8552300
14-May-02,84.50,85.48,82.19,85.48,9624700
13-May-02,80.25,82.29,79.50,82.19,6527600
10-May-02,79.95,80.50,79.25,79.68,7386300
9-May-02,81.90,83.00,79.00,79.93,10130100
8-May-02,78.20,82.80,78.20,82.45,12779700
7-May-02,76.89,77.50,75.92,76.50,17418700
6-May-02,81.70,81.87,76.00,76.00,13648400
3-May-02,83.10,83.50,81.11,81.78,8656300
2-May-02,83.75,84.80,83.13,83.86,6582900
1-May-02,83.85,84.65,81.67,84.30,12203800
30-Apr-02,83.91,85.23,83.53,83.76,8883900
29-Apr-02,84.71,85.10,83.55,83.89,6535600
26-Apr-02,86.70,86.96,84.70,84.71,6684200
25-Apr-02,86.05,86.92,85.77,86.71,6870000
24-Apr-02,88.20,88.25,86.27,86.50,6520500
23-Apr-02,88.35,89.08,87.24,87.33,5144100
22-Apr-02,88.95,88.95,87.36,87.93,6757700
19-Apr-02,89.90,90.03,87.60,89.00,9273200
18-Apr-02,86.97,89.10,86.90,88.95,14763500
17-Apr-02,87.05,87.20,84.00,84.81,11019500
16-Apr-02,86.35,86.85,85.58,86.20,7933100
15-Apr-02,86.50,86.60,84.70,85.35,8871600
12-Apr-02,87.56,87.96,84.40,85.60,15819300
11-Apr-02,88.05,88.51,83.34,84.19,23343700
10-Apr-02,88.45,89.95,88.20,89.01,13143900
9-Apr-02,88.50,88.52,87.10,87.74,17383600
8-Apr-02,87.50,88.59,85.35,87.41,41207300
5-Apr-02,100.84,101.25,97.25,97.25,9801800
4-Apr-02,99.96,101.14,99.50,100.84,5928500
3-Apr-02,101.40,101.50,98.90,99.96,7649100
2-Apr-02,102.00,102.01,100.51,100.95,7382200
1-Apr-02,104.00,104.00,102.40,102.86,5587000
28-Mar-02,103.55,105.14,103.39,104.00,5347500
27-Mar-02,103.75,103.79,102.50,103.39,5602400
26-Mar-02,103.57,105.70,102.30,102.90,8144000
25-Mar-02,105.80,106.66,103.50,103.56,6277900
22-Mar-02,106.50,106.70,105.07,105.60,5507900
21-Mar-02,105.70,106.78,104.70,106.78,5113100
20-Mar-02,106.90,106.90,105.49,105.50,4844100
19-Mar-02,106.85,108.05,106.49,107.49,4614800
18-Mar-02,107.10,108.64,106.23,106.35,5301200
15-Mar-02,106.55,107.45,105.59,106.79,10864100
14-Mar-02,107.02,107.95,106.59,106.60,5335500
13-Mar-02,108.30,108.65,106.70,107.18,6409200
12-Mar-02,105.52,108.85,105.51,108.50,11059300
11-Mar-02,104.35,105.97,103.60,105.24,8639100
8-Mar-02,104.82,107.34,104.82,105.09,10726400
7-Mar-02,107.30,107.50,103.24,103.71,10971900
6-Mar-02,105.15,107.09,104.75,106.30,7687400
5-Mar-02,104.25,106.50,104.16,105.67,7562100
4-Mar-02,103.35,106.53,103.13,105.90,10767700
1-Mar-02,98.60,103.10,98.50,103.02,10492900
28-Feb-02,98.49,99.60,97.82,98.12,7939000
27-Feb-02,98.10,100.31,96.70,97.83,11978700
26-Feb-02,99.00,99.19,95.99,97.15,11634500
25-Feb-02,98.45,99.25,97.12,98.30,9902800
22-Feb-02,96.38,99.20,95.76,98.45,10471600
21-Feb-02,98.75,99.70,96.01,96.38,10131700
20-Feb-02,99.54,100.00,97.00,99.31,14525200
19-Feb-02,101.50,101.80,98.86,101.30,13395900
15-Feb-02,104.80,104.80,101.70,102.89,18204600
14-Feb-02,109.00,109.15,107.20,107.89,5816300
13-Feb-02,106.70,108.48,106.12,108.07,5086900
12-Feb-02,106.75,107.89,106.06,106.57,4559800
11-Feb-02,105.00,107.69,104.51,107.38,6271900
8-Feb-02,103.00,105.72,102.61,104.99,8339400
7-Feb-02,106.64,107.00,103.86,103.91,7253800
6-Feb-02,106.70,107.82,105.33,106.63,6669800
5-Feb-02,106.25,108.50,106.00,106.30,6737700
4-Feb-02,108.00,108.00,105.99,106.80,6601900
1-Feb-02,107.64,109.30,106.64,108.00,6799500
31-Jan-02,106.40,107.98,104.46,107.89,9877000
30-Jan-02,104.25,105.75,101.00,105.55,17713300
29-Jan-02,108.15,108.56,102.41,103.00,14509400
28-Jan-02,109.50,110.21,107.06,108.15,7092900
25-Jan-02,108.50,110.69,108.10,109.28,6761800
24-Jan-02,108.80,109.73,107.07,108.72,8581500
23-Jan-02,110.80,111.25,107.00,107.90,12556700
22-Jan-02,114.25,114.26,110.33,110.50,10130400
18-Jan-02,114.25,114.90,112.81,114.25,18440200
17-Jan-02,119.85,120.55,117.26,119.90,11153700
16-Jan-02,118.00,118.75,117.25,117.40,5366300
15-Jan-02,118.05,119.70,117.72,118.85,5647900
14-Jan-02,120.00,120.09,117.10,118.05,10026700
11-Jan-02,121.50,122.18,120.28,120.31,4797800
10-Jan-02,123.75,124.00,121.42,122.14,8926300
9-Jan-02,124.70,126.39,124.15,124.49,6839900
8-Jan-02,124.25,125.20,123.73,124.70,5311800
7-Jan-02,125.00,126.19,123.70,124.05,5939600
4-Jan-02,124.05,125.60,123.98,125.60,8405200
3-Jan-02,121.50,124.22,120.25,123.66,8621700
2-Jan-02,120.60,121.50,119.80,121.50,6862800
31-Dec-01,122.75,123.24,120.95,120.96,3512700
28-Dec-01,123.50,123.88,122.35,122.90,4213900
27-Dec-01,122.75,123.93,122.64,123.50,3826200
26-Dec-01,122.00,123.70,121.81,122.40,3755700
24-Dec-01,122.05,122.48,121.10,121.45,1654400
21-Dec-01,122.70,123.50,121.71,122.00,8659100
20-Dec-01,123.89,124.00,122.15,122.70,6344800
19-Dec-01,121.90,124.70,121.01,123.89,8053900
18-Dec-01,121.51,122.97,121.35,122.20,5596200
17-Dec-01,120.15,122.14,120.15,121.34,6205100
14-Dec-01,120.80,121.48,119.41,121.10,7036000
13-Dec-01,121.55,122.30,120.12,120.25,8061000
12-Dec-01,121.12,123.21,120.06,123.20,7977900
11-Dec-01,120.40,122.74,119.80,121.50,7793200
10-Dec-01,120.00,121.00,119.41,119.66,5570900
7-Dec-01,119.50,121.00,118.75,120.40,6889200
6-Dec-01,120.50,121.70,119.80,120.14,11225700
5-Dec-01,116.85,121.98,116.65,121.40,14646200
4-Dec-01,114.30,116.72,113.38,116.64,6585900
3-Dec-01,114.80,114.85,113.21,114.13,5785800
30-Nov-01,114.43,115.94,113.80,115.59,5597800
29-Nov-01,112.90,114.55,111.81,114.43,6128700
28-Nov-01,114.10,114.38,112.10,112.15,6161200
27-Nov-01,116.25,116.30,114.07,114.20,6894100
26-Nov-01,115.90,116.40,115.20,116.33,4854300
23-Nov-01,114.29,115.37,113.72,115.35,1714000
21-Nov-01,114.95,115.25,113.05,114.34,4184700
20-Nov-01,114.35,116.80,114.25,115.44,6452200
19-Nov-01,114.70,115.80,113.77,115.00,4931300
16-Nov-01,115.00,115.00,112.55,114.50,6661500
15-Nov-01,114.10,116.33,113.84,114.75,7013800
14-Nov-01,116.70,116.85,113.33,114.35,8091700
13-Nov-01,115.70,117.00,115.70,116.70,9216700
12-Nov-01,113.00,114.90,112.05,114.86,5608400
9-Nov-01,113.10,114.90,113.10,114.08,5045900
8-Nov-01,113.96,115.56,113.61,113.81,7991200
7-Nov-01,113.05,115.20,113.03,113.85,10129700
6-Nov-01,109.60,114.80,109.00,113.61,8509700
5-Nov-01,109.95,110.59,109.08,109.97,5708500
2-Nov-01,109.15,110.30,108.77,109.50,6216900
1-Nov-01,107.25,110.17,106.90,109.89,8024000
31-Oct-01,109.60,111.12,108.07,108.07,7177700
30-Oct-01,107.80,109.75,107.76,108.65,8625100
29-Oct-01,110.50,110.70,108.62,108.62,7072800
26-Oct-01,110.00,112.10,109.62,111.16,10142500
25-Oct-01,108.05,110.85,106.75,110.66,9683400
24-Oct-01,106.50,108.75,106.09,108.57,8293200
23-Oct-01,105.75,106.69,104.55,105.81,7429300
22-Oct-01,102.65,105.78,101.90,105.25,7623900
19-Oct-01,101.65,102.74,100.07,102.65,11771900
18-Oct-01,103.05,103.75,100.78,101.26,10694900
17-Oct-01,106.30,106.70,102.90,102.90,18920500
16-Oct-01,101.87,103.00,99.66,101.85,11946000
15-Oct-01,99.85,102.76,99.85,102.00,10204200
12-Oct-01,98.70,101.00,98.00,100.84,11501200
11-Oct-01,97.70,99.40,96.50,99.40,11501600
10-Oct-01,95.00,97.30,94.90,97.25,10636900
9-Oct-01,98.50,98.50,96.76,97.14,7525300
8-Oct-01,98.03,99.00,96.75,98.50,7093400
5-Oct-01,96.65,98.45,95.37,98.02,9708200
4-Oct-01,97.15,98.88,96.80,97.31,9785100
3-Oct-01,92.90,97.62,92.40,96.95,11117000
2-Oct-01,92.30,93.90,92.10,93.77,7221200
1-Oct-01,91.72,93.48,91.34,92.71,8676200
28-Sep-01,90.20,92.71,89.90,91.72,11077200
27-Sep-01,91.30,91.50,87.49,90.00,13172300
26-Sep-01,94.45,94.45,90.30,91.30,13783100
25-Sep-01,94.10,96.00,93.41,94.45,12575100
24-Sep-01,91.80,95.54,91.80,94.80,11201800
21-Sep-01,90.60,93.50,89.50,90.50,18364700
20-Sep-01,94.10,95.75,92.85,93.40,15182900
19-Sep-01,96.40,96.85,92.45,96.00,14883500
18-Sep-01,94.00,96.75,93.68,96.40,12305000
17-Sep-01,93.90,95.86,92.55,93.34,15132800
10-Sep-01,96.00,97.40,95.59,96.47,10311500
7-Sep-01,97.90,98.15,96.00,96.59,10507000
6-Sep-01,100.68,100.68,97.65,98.00,9043100
5-Sep-01,101.50,102.83,99.61,100.35,11880700
4-Sep-01,100.15,103.13,99.29,101.49,9891800
31-Aug-01,101.00,101.36,99.24,99.95,8126600
30-Aug-01,102.75,103.40,98.86,100.36,15015500
29-Aug-01,105.75,105.90,103.82,104.13,4840300
28-Aug-01,106.90,107.17,104.87,104.95,5808100
27-Aug-01,106.99,108.20,106.64,106.86,4540900
24-Aug-01,103.95,107.80,103.41,106.99,7711900
23-Aug-01,104.00,104.70,103.00,103.00,5474300
22-Aug-01,102.50,104.04,101.76,103.96,8029000
21-Aug-01,103.85,104.97,101.40,101.89,6515900
20-Aug-01,104.68,105.00,102.80,104.10,5612700
17-Aug-01,105.49,105.49,103.90,104.59,7006200
16-Aug-01,104.20,106.02,103.66,105.75,6215200
15-Aug-01,106.35,106.59,105.01,105.01,4712900
14-Aug-01,106.50,106.85,105.40,106.20,5730200
13-Aug-01,105.00,106.64,104.65,105.86,6024400
10-Aug-01,103.85,104.95,102.81,104.95,5254800
9-Aug-01,103.70,104.54,102.70,104.08,6763200
8-Aug-01,105.00,106.10,104.10,104.19,6398000
7-Aug-01,105.80,107.37,105.26,106.25,4029300
6-Aug-01,107.25,107.37,105.79,106.51,4176800
3-Aug-01,107.80,110.09,107.10,108.18,3704100
2-Aug-01,108.50,109.47,107.21,108.80,5675100
1-Aug-01,105.35,108.50,105.31,107.06,6036100
31-Jul-01,105.90,107.00,105.15,105.21,5603000
30-Jul-01,104.90,106.25,104.76,105.85,4030800
27-Jul-01,104.75,105.95,104.11,104.70,4346500
26-Jul-01,104.75,106.00,102.93,106.00,8428700
25-Jul-01,104.50,105.70,102.73,104.89,6247600
24-Jul-01,104.85,106.15,103.79,104.51,7299800
23-Jul-01,105.70,106.95,105.30,105.85,6315700
20-Jul-01,103.40,105.70,103.03,105.70,8991700
19-Jul-01,105.60,106.00,103.10,104.00,13644500
18-Jul-01,106.10,107.60,103.20,104.28,11670300
17-Jul-01,106.10,108.58,104.75,108.53,8662400
16-Jul-01,108.53,109.38,107.28,107.82,5330100
13-Jul-01,106.15,109.30,106.11,108.53,7841800
12-Jul-01,105.90,107.80,105.62,107.25,8766400
11-Jul-01,101.60,104.13,101.56,103.85,8895400
10-Jul-01,104.73,105.40,101.60,101.96,10266600
9-Jul-01,106.50,106.95,103.65,104.72,9312600
6-Jul-01,110.90,110.90,105.81,106.50,11704600
5-Jul-01,112.60,113.26,111.79,112.10,4419000
3-Jul-01,114.10,114.19,112.76,112.98,3325800
2-Jul-01,113.50,115.40,112.96,114.35,5913100
29-Jun-01,115.60,116.65,113.00,113.50,9477400
28-Jun-01,113.80,116.95,113.75,115.10,8181000
27-Jun-01,113.10,114.18,112.45,113.52,4814100
26-Jun-01,111.25,114.05,111.10,113.04,7081900
25-Jun-01,113.75,114.90,111.78,112.65,5675900
22-Jun-01,112.60,114.43,112.50,112.87,5607200
21-Jun-01,112.15,114.70,111.36,112.60,8155800
20-Jun-01,113.50,114.99,111.76,113.09,8828300
19-Jun-01,116.26,117.25,114.56,114.84,6152800
18-Jun-01,113.98,115.44,113.31,114.27,5182800
15-Jun-01,115.10,115.45,113.38,113.60,12470100
14-Jun-01,115.60,116.08,113.99,115.75,7502500
13-Jun-01,117.25,118.47,116.53,116.54,5703200
12-Jun-01,116.75,117.80,115.55,117.25,7301500
11-Jun-01,116.30,118.14,116.10,117.36,6542700
8-Jun-01,117.50,117.50,115.60,116.10,3099100
7-Jun-01,117.00,118.25,117.00,117.25,6423700
6-Jun-01,117.60,119.00,116.50,117.50,9624200
5-Jun-01,113.64,117.60,113.56,116.97,6154400
4-Jun-01,113.25,114.75,112.85,113.64,3812200
1-Jun-01,112.50,113.60,111.90,112.89,5138900
31-May-01,112.65,113.86,111.64,111.80,6724100
30-May-01,114.00,114.10,112.00,112.65,9598700
29-May-01,117.35,117.59,115.08,115.27,5818000
25-May-01,119.52,119.90,117.76,117.80,5629100
24-May-01,117.50,119.60,117.50,119.60,7726400
23-May-01,117.80,118.95,117.10,117.40,6402600
22-May-01,119.70,119.70,117.25,118.01,6005300
21-May-01,117.95,119.90,117.55,119.04,8409400
18-May-01,115.07,117.68,114.90,117.44,6714900
17-May-01,115.80,117.09,115.05,115.07,6887700
16-May-01,112.50,115.80,112.20,115.80,7796700
15-May-01,113.50,114.15,112.50,113.58,5873400
14-May-01,111.20,113.18,111.00,112.56,5254800
11-May-01,113.75,114.15,110.96,111.81,8390200
10-May-01,118.50,118.90,115.20,115.20,7993900
9-May-01,116.20,118.18,115.30,116.98,7680200
8-May-01,117.25,117.75,115.50,117.70,7605800
7-May-01,116.20,117.25,115.00,115.90,6088600
4-May-01,112.00,115.86,111.20,115.86,8681400
3-May-01,114.60,115.10,112.35,113.70,6578000
2-May-01,118.30,118.95,113.74,115.40,9706200
1-May-01,115.85,118.65,114.90,118.51,7790800
30-Apr-01,116.40,118.05,114.72,115.14,7357200
27-Apr-01,116.80,116.90,114.55,116.20,7390600
26-Apr-01,114.95,116.70,113.68,113.74,7346100
25-Apr-01,112.00,114.85,111.99,114.85,6858500
24-Apr-01,113.40,114.75,112.30,112.67,8742000
23-Apr-01,114.01,114.05,111.68,112.00,8537500
20-Apr-01,114.35,116.40,113.75,114.83,12759100
19-Apr-01,112.00,115.90,110.45,114.47,25822400
18-Apr-01,103.00,110.00,102.30,106.50,19814300
17-Apr-01,97.00,99.88,97.00,99.70,9957300
16-Apr-01,96.20,99.89,95.20,96.75,9188500
12-Apr-01,96.40,97.50,95.15,96.20,9390100
11-Apr-01,101.50,101.94,95.80,97.43,11498400
10-Apr-01,97.00,99.90,96.56,99.05,10499400
9-Apr-01,98.50,98.74,93.80,96.00,9486600
6-Apr-01,98.00,100.00,96.40,97.95,13424200
5-Apr-01,95.80,100.00,95.53,98.21,12506100
4-Apr-01,90.45,94.05,90.05,92.00,13515600
3-Apr-01,94.60,94.65,90.10,90.39,13330000
2-Apr-01,97.45,98.10,93.58,94.66,8787000
30-Mar-01,96.50,97.56,95.14,96.18,9461300
29-Mar-01,94.46,97.07,94.26,95.04,10553700
28-Mar-01,97.90,98.45,94.25,94.41,11890500
27-Mar-01,94.00,100.00,93.97,99.50,11851200
26-Mar-01,95.25,95.66,93.75,95.40,8581200
23-Mar-01,93.50,94.99,90.29,93.51,12233600
22-Mar-01,89.12,91.00,87.65,89.10,13328200
21-Mar-01,88.45,91.60,87.75,89.08,11013000
20-Mar-01,91.60,92.03,88.10,88.30,10101100
19-Mar-01,91.00,92.80,89.20,92.60,10235500
16-Mar-01,93.90,93.90,88.20,90.10, 9400
15-Mar-01,96.00,97.87,95.17,95.56,8420000
14-Mar-01,95.40,98.90,93.34,94.96,14246600
13-Mar-01,95.10,98.44,94.20,98.39,12127900
12-Mar-01,97.90,98.40,95.02,95.49,14494800
9-Mar-01,105.00,105.01,97.90,99.29,16688100
8-Mar-01,107.17,107.34,105.37,106.47,6793600
7-Mar-01,107.45,108.25,105.66,107.55,7788900
6-Mar-01,106.25,108.40,105.25,106.00,8120000
5-Mar-01,102.81,105.60,102.64,104.91,6743900
2-Mar-01,104.00,107.65,100.94,102.30,14745500
1-Mar-01,99.30,106.40,97.50,106.05,15102000
28-Feb-01,102.95,103.54,99.10,99.90,11933200
27-Feb-01,104.90,106.87,102.56,102.59,9787900
26-Feb-01,105.80,105.80,101.83,105.30,8344100
23-Feb-01,107.50,107.50,100.25,104.00,15276600
22-Feb-01,106.50,110.90,103.38,108.90,11709000
21-Feb-01,109.55,111.50,107.29,107.51,9156900
20-Feb-01,114.55,115.60,110.78,111.50,6748300
16-Feb-01,114.55,115.75,113.94,115.00,7073000
15-Feb-01,116.80,118.64,116.38,116.78,8098700
14-Feb-01,113.75,116.17,112.50,115.10,7032900
13-Feb-01,114.15,117.38,113.07,113.75,7193200
12-Feb-01,110.55,115.72,110.30,114.90,6729300
9-Feb-01,114.03,114.99,111.00,112.00,6318800
8-Feb-01,116.91,118.20,114.03,114.10,8380800
7-Feb-01,113.40,117.60,112.67,116.91,9006900
6-Feb-01,112.23,115.69,111.20,114.19,7526400
5-Feb-01,109.40,112.60,109.30,112.22,5113700
2-Feb-01,112.75,113.99,109.60,110.27,5428400
1-Feb-01,112.40,114.34,111.20,114.05,5580800
31-Jan-01,115.75,116.75,112.00,112.00,8314200
30-Jan-01,115.00,116.75,113.40,116.61,8242000
29-Jan-01,112.50,115.50,112.47,114.98,5125000
26-Jan-01,109.62,115.25,109.19,114.19,9098100
25-Jan-01,110.12,111.12,109.44,110.75,4983300
24-Jan-01,109.06,111.44,108.94,110.44,6761400
23-Jan-01,109.56,109.94,107.62,109.06,9830800
22-Jan-01,109.50,109.94,108.19,108.56,9623300
19-Jan-01,107.50,113.94,107.25,111.25,14763400
18-Jan-01,104.37,110.00,103.50,108.31,25247700
17-Jan-01,95.37,97.75,94.31,96.69,9730900
16-Jan-01,93.75,94.00,91.81,92.75,5673000
12-Jan-01,93.69,96.44,92.37,93.81,6452500
11-Jan-01,92.94,94.25,91.25,93.69,9637800
10-Jan-01,92.50,94.94,91.69,93.44,7659500
9-Jan-01,94.44,95.75,91.44,92.56,7551100
8-Jan-01,93.50,93.94,91.56,93.56,6067500
5-Jan-01,93.94,94.69,91.00,94.00,8045000
4-Jan-01,94.75,99.75,92.69,93.19,15420800
3-Jan-01,83.75,95.00,83.75,94.62,12775500
2-Jan-01,84.50,87.50,84.12,84.81,8011300
29-Dec-00,86.94,86.94,84.25,85.00,6945800
28-Dec-00,83.50,88.19,82.12,85.25,9803400
27-Dec-00,84.75,88.12,83.56,84.69,8248000
26-Dec-00,89.00,89.56,84.25,84.81,6053600
22-Dec-00,84.50,89.37,84.50,89.00,9516300
21-Dec-00,85.50,87.94,80.06,81.56,12728600
20-Dec-00,85.87,88.00,84.81,86.00,12584700
19-Dec-00,90.19,94.44,89.81,90.12,7708300
18-Dec-00,88.37,90.50,88.37,90.50,7695900
15-Dec-00,90.00,90.69,87.31,87.81,14257000
14-Dec-00,92.00,93.69,91.81,92.44,6132200
13-Dec-00,94.87,96.62,90.69,91.25,6994100
12-Dec-00,95.25,96.12,92.50,93.87,7915200
11-Dec-00,96.50,98.25,93.75,95.00,6188800
8-Dec-00,98.00,99.00,95.75,97.00,6140900
7-Dec-00,95.06,95.94,93.12,93.12,7923100
6-Dec-00,101.75,101.81,94.81,96.75,10100800
5-Dec-00,100.44,104.75,99.62,103.37,7806600
4-Dec-00,96.00,99.19,95.75,98.37,5570600
1-Dec-00,94.44,99.31,94.37,95.62,7528000
30-Nov-00,98.00,98.00,92.25,93.50,10652200
29-Nov-00,97.75,99.94,96.69,99.81,5527200
28-Nov-00,98.75,100.75,97.37,97.87,4804200
27-Nov-00,100.44,102.00,98.44,98.44,3869700
24-Nov-00,99.37,101.75,99.25,99.94,2501700
22-Nov-00,98.50,100.81,98.31,98.50,5541100
21-Nov-00,103.25,104.37,98.50,98.50,7181100
20-Nov-00,101.50,103.25,100.87,103.25,7430300
17-Nov-00,98.31,102.50,98.25,101.94,7721600
16-Nov-00,99.25,99.69,98.25,98.25,3745200
15-Nov-00,99.50,100.06,97.62,99.37,4160500
14-Nov-00,99.25,99.87,98.50,99.50,5151400
13-Nov-00,91.81,99.44,91.62,97.44,8687700
10-Nov-00,98.00,98.37,93.00,93.00,6812300
9-Nov-00,96.75,100.00,95.69,99.44,9052300
8-Nov-00,103.62,103.75,99.25,100.00,6991300
7-Nov-00,101.12,103.50,100.69,102.31,5420900
6-Nov-00,99.87,102.37,99.44,100.31,4453300
3-Nov-00,102.50,102.62,99.37,100.12,5853300
2-Nov-00,99.00,102.31,98.50,101.94,7448000
1-Nov-00,98.44,99.87,97.25,98.56,7469700
31-Oct-00,93.75,99.12,93.75,98.50,10904100
30-Oct-00,93.50,93.75,90.31,93.31,8086300
27-Oct-00,93.00,93.69,91.00,93.69,6432200
26-Oct-00,88.00,92.87,87.62,92.75,10138900
25-Oct-00,90.50,90.94,86.94,87.56,14063300
24-Oct-00,93.00,94.37,90.19,91.44,8829700
23-Oct-00,94.75,95.00,91.06,92.87,9343400
20-Oct-00,95.12,96.25,94.19,94.75,9374400
19-Oct-00,98.00,98.50,92.69,96.44,17970800
18-Oct-00,96.75,99.12,90.25,95.44,29782200
17-Oct-00,111.94,113.87,108.56,113.00,8883900
16-Oct-00,111.50,113.12,108.56,111.12,7710600
13-Oct-00,104.19,110.44,104.19,109.06,9094100
12-Oct-00,114.25,114.37,103.12,103.12,9707700
11-Oct-00,111.87,112.94,107.50,112.00,8779100
10-Oct-00,116.62,117.12,112.44,114.87,5616600
9-Oct-00,115.94,119.37,114.31,117.94,4902500
6-Oct-00,114.00,116.12,112.75,116.00,6113100
5-Oct-00,113.81,114.56,111.56,113.19,5550900
4-Oct-00,110.37,114.87,108.56,114.37,11673900
3-Oct-00,118.87,119.37,110.00,110.56,11746600
2-Oct-00,112.62,119.62,112.62,117.81,8873400
29-Sep-00,115.50,116.94,110.25,112.62,9597200
28-Sep-00,117.37,118.87,115.00,115.25,5314200
27-Sep-00,120.06,120.31,115.50,118.00,5953900
26-Sep-00,120.00,121.87,118.37,119.12,6221300
25-Sep-00,124.50,126.62,121.00,123.00,4291600
22-Sep-00,123.00,124.31,121.31,123.87,5930200
21-Sep-00,124.19,126.69,120.00,121.50,4303400
20-Sep-00,124.69,126.56,123.50,124.75,4625300
19-Sep-00,122.75,126.25,122.56,124.94,3341600
18-Sep-00,125.25,126.00,123.06,123.25,3934400
15-Sep-00,126.81,127.25,124.75,125.00,5482700
14-Sep-00,128.00,129.19,126.31,126.87,4428600
13-Sep-00,123.12,128.81,122.75,127.69,5475600
12-Sep-00,124.81,126.87,124.06,125.00,5002700
11-Sep-00,127.87,128.25,123.62,124.50,7622000
8-Sep-00,132.50,132.94,129.38,129.50,4995800
7-Sep-00,131.88,134.50,131.88,133.38,4624400
6-Sep-00,130.88,134.88,130.38,131.44,6474700
5-Sep-00,132.81,133.31,130.81,131.19,4113300
1-Sep-00,133.06,134.94,132.63,133.63,5779800
31-Aug-00,131.88,134.19,131.63,132.02,5474800
30-Aug-00,130.75,131.50,129.56,130.31,4933800
29-Aug-00,131.50,134.25,131.00,132.88,6040000
28-Aug-00,129.88,133.19,129.75,131.50,8540300
25-Aug-00,124.31,129.88,124.25,129.00,8284100
24-Aug-00,123.00,125.44,122.69,124.81,5993000
23-Aug-00,120.31,123.75,119.87,123.25,4251900
22-Aug-00,121.19,122.19,121.00,121.37,2774700
21-Aug-00,121.06,122.19,120.06,121.44,3236600
18-Aug-00,122.37,123.37,120.12,120.44,4131700
17-Aug-00,119.75,122.81,119.50,122.50,4343100
16-Aug-00,121.06,122.94,119.50,122.37,5949400
15-Aug-00,122.06,122.62,120.75,122.00,4382700
14-Aug-00,120.00,123.69,119.31,123.25,4954700
11-Aug-00,119.75,121.81,119.19,120.62,6143800
10-Aug-00,118.75,120.25,117.87,119.75,5486400
9-Aug-00,119.00,120.81,118.75,118.75,6588400
8-Aug-00,115.69,119.62,115.56,118.87,5740500
7-Aug-00,116.62,119.00,115.81,116.31,5911100
4-Aug-00,116.00,116.50,114.31,115.87,4460800
3-Aug-00,113.00,116.50,112.31,116.00,5571600
2-Aug-00,111.00,114.87,110.75,114.25,5882300
1-Aug-00,112.00,112.44,110.25,110.50,3000200
31-Jul-00,110.50,113.69,110.06,112.25,5115500
28-Jul-00,111.12,112.50,108.87,111.81,5358800
27-Jul-00,109.87,111.50,109.31,110.31,4051600
26-Jul-00,111.00,112.37,108.87,109.87,6670600
25-Jul-00,113.25,113.37,110.25,112.00,5570800
24-Jul-00,114.12,115.62,111.62,112.50,6816900
21-Jul-00,117.00,117.00,113.75,114.75,8970000
20-Jul-00,112.00,117.81,111.75,117.25,23053100
19-Jul-00,102.37,109.50,101.00,108.75,7782200
18-Jul-00,104.12,104.81,102.62,103.31,6454200
17-Jul-00,104.44,107.87,104.19,105.50,6634200
14-Jul-00,103.75,104.87,103.12,103.94,4020000
13-Jul-00,105.44,105.94,102.00,104.00,5675200
12-Jul-00,103.19,105.87,102.62,104.62,5550800
11-Jul-00,103.25,104.00,101.00,102.00,5625300
10-Jul-00,104.69,104.94,102.87,103.31,4213400
7-Jul-00,102.69,105.06,101.62,105.06,9032700
6-Jul-00,105.00,105.12,100.00,101.25,12934200
5-Jul-00,105.62,105.62,101.12,105.00,14345000
3-Jul-00,108.75,109.87,108.31,109.50,2306900
30-Jun-00,112.69,113.19,108.62,109.56,8614100
29-Jun-00,111.75,114.37,110.06,114.00,7693300
28-Jun-00,110.00,115.19,109.87,113.78,6440300
27-Jun-00,111.62,112.81,108.75,109.75,6612300
26-Jun-00,113.00,115.75,112.87,114.41,3629200
23-Jun-00,113.50,113.62,110.81,111.87,3361400
22-Jun-00,114.12,114.31,111.25,111.81,4854800
21-Jun-00,115.56,115.94,113.50,114.50,6490900
20-Jun-00,120.00,120.69,115.37,116.37,7105900
19-Jun-00,113.50,120.37,113.25,120.37,6064400
16-Jun-00,116.31,117.69,113.25,113.25,8049700
15-Jun-00,116.00,119.00,115.87,116.81,5389800
14-Jun-00,118.87,120.00,115.50,116.00,5284100
13-Jun-00,118.87,119.94,116.75,119.31,4013400
12-Jun-00,119.12,120.44,118.84,118.84,3640500
9-Jun-00,119.87,120.75,118.87,119.69,4744200
8-Jun-00,119.37,122.31,117.50,119.75,9328800
7-Jun-00,112.50,121.75,111.50,121.00,11118600
6-Jun-00,112.25,114.62,111.25,112.37,5374700
5-Jun-00,108.44,114.19,108.44,112.81,7282200
2-Jun-00,109.00,109.75,107.62,108.81,5475200
1-Jun-00,107.56,108.94,105.50,106.00,5713900
31-May-00,110.50,110.75,107.19,107.31,3733900
30-May-00,107.75,111.00,107.69,110.94,3621700
26-May-00,105.50,107.19,104.56,106.94,4300800
25-May-00,110.50,112.25,106.37,106.50,5971900
24-May-00,106.50,110.00,104.19,109.62,8186600
23-May-00,109.00,110.00,107.12,107.37,5983900
22-May-00,106.00,109.25,103.44,109.25,6774700
19-May-00,106.06,107.50,105.00,106.44,6424400
18-May-00,106.12,107.31,104.69,106.06,4581300
17-May-00,107.50,108.87,106.12,107.87,5527000
16-May-00,105.12,109.25,105.00,109.00,7269100
15-May-00,104.00,104.87,102.00,104.19,5912200
12-May-00,103.75,105.75,103.25,104.44,5605200
11-May-00,104.00,107.50,103.19,104.44,8109700
10-May-00,105.50,105.69,102.06,103.00,10014200
9-May-00,110.50,110.62,108.25,109.00,4867700
8-May-00,108.06,110.37,107.62,109.75,4830800
5-May-00,106.62,109.62,106.50,107.87,4698000
4-May-00,109.12,109.19,107.19,107.62,3632000
