Date,Open,High,Low,Close,Volume
2-Aug-02,17.56,17.56,16.52,16.71,55576300
1-Aug-02,18.72,18.85,17.46,17.56,55134100
31-Jul-02,18.92,18.97,18.01,18.79,54030300
30-Jul-02,18.57,19.11,18.25,18.97,60407100
29-Jul-02,18.33,18.90,18.00,18.89,55085100
26-Jul-02,17.68,18.20,17.02,17.81,57020100
25-Jul-02,18.26,18.70,17.10,17.48,80606500
24-Jul-02,17.25,18.72,17.03,18.70,83101300
23-Jul-02,18.40,18.74,17.76,17.81,71030900
22-Jul-02,18.47,19.20,18.25,18.26,77366100
19-Jul-02,18.70,19.46,18.50,18.65,62042100
18-Jul-02,19.26,19.75,19.00,19.19,57109500
17-Jul-02,19.30,19.88,18.81,19.44,96553800
16-Jul-02,18.56,19.45,18.14,18.36,98863000
15-Jul-02,18.04,19.15,17.43,19.12,79892000
12-Jul-02,18.80,18.88,17.71,17.99,74887900
11-Jul-02,16.74,18.30,16.51,18.25,89828400
10-Jul-02,18.26,18.28,16.77,16.81,73848000
9-Jul-02,18.28,18.45,17.75,17.96,53507600
8-Jul-02,19.26,19.58,18.07,18.50,57648600
5-Jul-02,18.70,19.61,18.60,19.54,34149100
3-Jul-02,16.27,17.78,16.26,17.75,63562800
2-Jul-02,17.46,17.81,16.46,16.57,77807700
1-Jul-02,18.35,18.77,17.49,17.54,48681300
28-Jun-02,18.71,19.32,18.11,18.27,63858200
27-Jun-02,18.90,18.96,17.87,18.65,72620200
26-Jun-02,17.50,18.89,17.45,18.61,84988500
25-Jun-02,19.79,19.98,18.30,18.32,68249700
24-Jun-02,18.42,19.96,18.39,19.33,70345000
21-Jun-02,19.08,19.64,18.40,18.73,80815300
20-Jun-02,20.12,20.60,19.22,19.24,76656900
19-Jun-02,20.96,21.21,20.02,20.09,65481800
18-Jun-02,22.14,22.99,22.01,22.02,51943800
17-Jun-02,21.66,22.57,21.35,22.56,53044600
14-Jun-02,20.55,21.38,20.06,21.28,50410100
13-Jun-02,21.61,21.97,21.00,21.11,49372400
12-Jun-02,20.11,21.60,20.00,21.58,76957400
11-Jun-02,21.44,21.89,20.18,20.22,69932400
10-Jun-02,22.28,22.29,20.99,21.07,67962100
7-Jun-02,22.34,22.75,21.70,22.00,151697500
6-Jun-02,27.50,27.58,26.70,27.00,53854700
5-Jun-02,27.60,28.20,26.89,28.18,41646700
4-Jun-02,26.23,27.52,26.22,27.50,49303700
3-Jun-02,27.43,27.72,26.44,26.62,34869600
31-May-02,27.92,28.43,27.41,27.62,38515500
30-May-02,27.01,27.71,26.60,27.42,40982400
29-May-02,27.88,27.99,27.25,27.27,35346600
28-May-02,28.56,28.62,27.67,28.35,42888200
24-May-02,28.79,29.00,28.40,28.66,26029600
23-May-02,29.65,29.80,28.44,29.39,42332100
22-May-02,28.91,29.67,28.71,29.59,41216600
21-May-02,30.20,30.34,28.96,29.07,48063600
20-May-02,30.60,30.80,29.92,30.19,37234800
17-May-02,31.00,31.36,30.59,31.20,53195200
16-May-02,30.22,30.79,29.91,30.77,37284100
15-May-02,29.68,31.00,29.50,30.24,53419600
14-May-02,29.92,30.35,29.37,30.15,57087400
13-May-02,27.20,28.56,27.11,28.52,40695200
10-May-02,28.46,28.61,26.92,27.01,43997500
9-May-02,28.65,28.85,27.80,28.24,41394900
8-May-02,27.24,29.06,27.07,28.98,58152400
7-May-02,26.15,26.98,25.56,26.15,55914400
6-May-02,26.50,27.00,25.75,25.78,44269700
3-May-02,27.85,27.95,26.49,26.56,50945400
2-May-02,28.51,29.22,27.77,27.87,41815600
1-May-02,28.57,29.05,27.54,28.63,46014800
30-Apr-02,28.01,29.25,27.90,28.61,45052800
29-Apr-02,28.17,28.45,27.51,28.04,40652200
26-Apr-02,29.43,29.46,28.10,28.12,39343600
25-Apr-02,28.66,29.48,28.17,29.09,49886000
24-Apr-02,29.66,29.99,28.88,28.91,38224600
23-Apr-02,30.17,30.34,29.36,29.54,42582500
22-Apr-02,29.94,30.22,29.53,30.06,34145800
19-Apr-02,30.82,30.85,30.06,30.10,34806900
18-Apr-02,30.54,30.93,29.86,30.45,45465200
17-Apr-02,31.20,31.28,30.31,30.64,63790400
16-Apr-02,29.08,29.80,28.98,29.51,60448200
15-Apr-02,28.21,28.72,27.76,28.11,42941400
12-Apr-02,29.15,29.15,28.07,28.39,40682600
11-Apr-02,28.83,29.44,28.51,28.94,42024500
10-Apr-02,28.65,29.39,28.01,29.26,60569500
9-Apr-02,29.91,30.24,28.41,28.46,61982800
8-Apr-02,29.04,30.04,28.50,29.93,45247300
5-Apr-02,30.68,30.70,29.80,30.05,32757200
4-Apr-02,30.05,30.68,29.95,30.59,43744800
3-Apr-02,30.08,30.29,29.38,29.87,42763300
2-Apr-02,30.58,30.90,30.02,30.03,37849000
1-Apr-02,30.14,31.45,30.02,31.17,32592200
28-Mar-02,30.81,31.25,30.38,30.41,33005100
27-Mar-02,30.47,30.50,29.95,30.41,38028800
26-Mar-02,30.01,31.04,29.95,30.77,37563100
25-Mar-02,30.70,30.97,29.96,30.00,42929400
22-Mar-02,31.10,31.21,30.46,30.59,33576400
21-Mar-02,30.59,31.49,30.46,31.40,36841700
20-Mar-02,30.58,30.71,30.02,30.53,51105500
19-Mar-02,31.71,32.16,31.26,31.72,33498000
18-Mar-02,31.93,32.25,31.24,31.62,38894600
15-Mar-02,30.87,31.85,30.80,31.74,49693300
14-Mar-02,31.26,31.65,30.80,30.97,39862300
13-Mar-02,32.01,32.06,31.05,31.34,56552400
12-Mar-02,32.47,33.02,32.31,32.99,37674800
11-Mar-02,33.82,34.08,33.16,33.42,40275400
8-Mar-02,33.19,34.25,32.84,34.17,70218400
7-Mar-02,33.51,33.61,32.04,32.98,55171900
6-Mar-02,32.84,33.08,32.13,32.96,44898700
5-Mar-02,32.51,33.29,32.40,32.70,68035700
4-Mar-02,30.95,31.88,29.88,31.85,57664400
1-Mar-02,29.09,31.01,28.99,30.98,58489400
28-Feb-02,30.11,30.11,28.50,28.55,64454700
27-Feb-02,30.55,31.07,29.28,29.89,57714000
26-Feb-02,31.25,31.44,29.75,30.02,61576000
25-Feb-02,29.76,31.51,29.73,31.02,52400300
22-Feb-02,29.51,30.10,29.17,29.53,56059600
21-Feb-02,30.34,30.68,29.48,29.48,76409400
20-Feb-02,31.50,31.59,29.95,31.44,63430900
19-Feb-02,31.74,32.17,31.18,31.34,44224000
15-Feb-02,33.42,33.67,31.95,32.29,47587600
14-Feb-02,33.63,34.35,33.31,33.34,44874100
13-Feb-02,33.20,33.70,33.06,33.38,36786800
12-Feb-02,33.11,33.48,32.64,32.97,37593400
11-Feb-02,32.24,33.63,32.12,33.57,37651700
8-Feb-02,32.51,32.60,31.38,32.52,60722800
7-Feb-02,32.80,33.30,32.10,32.31,46596000
6-Feb-02,33.77,33.80,32.53,32.92,51612200
5-Feb-02,33.80,34.39,33.40,33.80,40974500
4-Feb-02,34.63,34.63,33.66,33.98,38594200
1-Feb-02,34.82,35.07,34.06,34.67,39369800
31-Jan-02,34.61,35.15,34.32,35.04,63035000
30-Jan-02,32.87,33.89,32.46,33.86,47008900
29-Jan-02,33.89,34.30,32.50,32.68,44733000
28-Jan-02,33.83,34.31,33.32,33.92,29919400
25-Jan-02,32.87,34.16,32.75,33.68,35832800
24-Jan-02,32.92,33.60,32.56,33.20,53902500
23-Jan-02,31.66,32.61,31.62,32.45,49429000
22-Jan-02,33.55,33.59,31.56,31.70,52957100
18-Jan-02,33.55,34.30,33.16,33.48,51643600
17-Jan-02,34.05,34.75,33.60,34.53,50498800
16-Jan-02,33.96,34.59,33.68,33.71,76428600
15-Jan-02,34.94,34.98,34.09,34.68,57115500
14-Jan-02,34.30,35.19,34.10,34.84,58696400
11-Jan-02,34.82,35.11,34.26,34.55,39583200
10-Jan-02,35.43,35.47,34.50,34.65,51679400
9-Jan-02,35.96,36.78,35.03,35.36,59083800
8-Jan-02,35.34,35.97,34.95,35.58,35636600
7-Jan-02,36.02,36.25,35.02,35.27,48808800
4-Jan-02,36.20,36.35,35.32,35.79,65032900
3-Jan-02,33.50,35.62,33.40,35.52,91464500
2-Jan-02,31.90,33.00,31.73,33.00,42357300
31-Dec-01,32.15,32.41,31.41,31.45,27975400
28-Dec-01,32.94,33.31,32.12,32.24,27584200
27-Dec-01,32.41,32.98,32.36,32.67,22443900
26-Dec-01,32.05,33.12,32.02,32.29,23231600
24-Dec-01,32.16,32.40,32.00,32.02,8673800
21-Dec-01,32.22,32.74,31.97,32.41,57817500
20-Dec-01,32.85,33.20,31.96,31.98,49423400
19-Dec-01,33.33,33.96,33.04,33.05,39961400
18-Dec-01,34.15,34.33,33.36,33.81,39780800
17-Dec-01,33.10,34.09,33.00,33.97,39108700
14-Dec-01,32.59,33.78,32.27,33.27,46155500
13-Dec-01,33.28,33.72,32.50,32.57,51006500
12-Dec-01,33.29,34.14,33.11,34.08,50047800
11-Dec-01,33.35,34.14,33.05,33.19,46751600
10-Dec-01,32.89,33.62,32.85,32.95,41557600
7-Dec-01,34.16,34.50,32.75,33.24,59279300
6-Dec-01,34.50,34.78,33.75,34.16,58338000
5-Dec-01,33.06,34.85,33.04,34.61,75429600
4-Dec-01,32.20,32.90,31.84,32.86,44357600
3-Dec-01,32.29,32.88,31.97,32.04,43008300
30-Nov-01,32.23,32.91,31.68,32.66,42399600
29-Nov-01,31.99,32.42,31.16,32.32,45961000
28-Nov-01,31.92,32.55,31.61,31.76,61282400
27-Nov-01,31.51,32.99,30.90,32.31,80781000
26-Nov-01,31.43,32.12,31.31,31.87,53246100
23-Nov-01,30.58,31.25,30.32,31.06,17574100
21-Nov-01,29.54,30.84,29.48,30.81,55275700
20-Nov-01,30.71,30.79,29.83,29.95,41297200
19-Nov-01,30.81,31.30,29.91,30.99,47857300
16-Nov-01,30.63,30.95,30.15,30.63,39647000
15-Nov-01,30.82,31.48,30.46,30.78,58207300
14-Nov-01,30.47,31.59,29.90,31.32,78499200
13-Nov-01,29.06,30.06,28.95,30.05,68022300
12-Nov-01,27.61,28.77,26.77,28.38,47878400
9-Nov-01,28.18,28.30,27.60,27.88,40852500
8-Nov-01,28.87,29.40,27.93,28.28,64845900
7-Nov-01,27.91,29.08,27.75,28.29,59713700
6-Nov-01,26.79,28.28,26.70,28.25,63152300
5-Nov-01,26.75,27.28,26.65,26.96,42474800
2-Nov-01,25.95,26.73,25.50,26.30,49877700
1-Nov-01,24.53,25.97,24.25,25.94,54534000
31-Oct-01,23.93,25.29,23.44,24.42,64549300
30-Oct-01,23.77,24.40,23.24,23.54,52532700
29-Oct-01,25.60,25.89,24.17,24.18,46369900
26-Oct-01,26.01,26.50,25.55,25.86,45505200
25-Oct-01,25.00,26.22,24.31,26.10,56318500
24-Oct-01,25.19,25.93,24.92,25.48,41092700
23-Oct-01,25.42,26.00,24.89,25.00,41881700
22-Oct-01,24.12,25.37,23.76,25.30,46022200
19-Oct-01,23.99,24.56,23.61,24.15,42197000
18-Oct-01,24.60,24.61,23.70,24.05,49862900
17-Oct-01,26.14,26.23,24.50,24.57,91448800
16-Oct-01,24.53,25.10,24.17,24.96,53540600
15-Oct-01,24.49,24.52,23.63,24.38,44391600
12-Oct-01,24.31,25.13,24.23,25.02,64736500
11-Oct-01,23.39,24.68,23.35,24.51,76342800
10-Oct-01,21.43,23.20,21.37,23.06,52538600
9-Oct-01,22.04,22.23,21.10,21.45,42528700
8-Oct-01,21.38,22.52,21.27,22.24,36853400
5-Oct-01,21.51,22.05,20.55,21.96,49112300
4-Oct-01,21.73,22.58,21.00,21.55,67181500
3-Oct-01,19.30,21.65,19.08,21.23,75582600
2-Oct-01,20.00,20.08,19.37,19.54,52207600
1-Oct-01,20.21,20.28,19.70,20.01,44631700
28-Sep-01,20.74,20.98,20.10,20.44,72640600
27-Sep-01,20.91,21.36,19.57,20.55,58791700
26-Sep-01,21.72,21.85,20.72,20.90,48082100
25-Sep-01,21.56,21.96,20.79,21.68,65914600
24-Sep-01,20.00,21.72,19.50,21.31,79136200
21-Sep-01,19.01,20.75,18.96,19.30,116397800
20-Sep-01,21.46,22.27,20.50,20.67,70338800
19-Sep-01,23.56,23.69,20.86,22.28,86255200
18-Sep-01,23.88,24.48,23.20,23.47,56115100
17-Sep-01,24.26,25.00,23.50,23.59,81412400
10-Sep-01,25.53,26.10,25.46,26.07,51654400
7-Sep-01,26.16,26.98,25.73,25.89,72749200
6-Sep-01,26.76,27.62,25.80,26.10,81642600
5-Sep-01,26.94,27.69,26.34,27.47,71243200
4-Sep-01,27.56,28.09,26.85,26.85,54390700
31-Aug-01,27.02,28.13,27.01,27.96,38127600
30-Aug-01,27.50,27.83,26.88,27.13,44788800
29-Aug-01,28.86,28.92,27.74,28.10,37922200
28-Aug-01,29.22,29.66,28.43,28.51,54856600
27-Aug-01,29.02,29.89,28.60,29.15,27995600
24-Aug-01,28.05,29.14,27.85,29.08,38858200
23-Aug-01,27.89,28.37,27.62,27.67,32548500
22-Aug-01,27.59,28.00,27.00,27.96,42316100
21-Aug-01,28.33,28.51,27.05,27.07,35088800
20-Aug-01,28.07,28.68,27.90,28.20,36548500
17-Aug-01,29.17,29.38,27.79,28.07,60330900
16-Aug-01,29.41,30.18,29.08,30.16,38692500
15-Aug-01,30.28,30.75,29.70,29.78,33348300
14-Aug-01,30.71,30.85,30.24,30.35,27561900
13-Aug-01,30.67,30.72,30.08,30.56,30830500
10-Aug-01,29.52,30.19,28.99,29.95,33800700
9-Aug-01,29.50,30.03,29.18,29.65,35734300
8-Aug-01,30.39,31.19,29.39,29.61,49096000
7-Aug-01,29.95,31.00,29.77,30.62,44101300
6-Aug-01,30.43,30.68,30.04,30.28,54176800
3-Aug-01,32.05,32.08,31.25,31.68,35671500
2-Aug-01,31.41,32.23,31.33,32.11,74140400
1-Aug-01,30.62,30.98,30.28,30.75,45023900
31-Jul-01,29.16,30.42,29.03,29.81,50354000
30-Jul-01,29.51,29.74,28.80,29.04,30514600
27-Jul-01,29.61,29.85,29.01,29.22,35482900
26-Jul-01,29.10,29.90,28.80,29.78,46221000
25-Jul-01,28.97,29.48,28.19,29.42,35538100
24-Jul-01,28.71,29.59,28.43,28.88,38032700
23-Jul-01,29.97,30.23,28.91,29.00,35057400
20-Jul-01,29.41,30.03,28.93,29.93,50444200
19-Jul-01,29.59,30.22,29.43,29.96,54602300
18-Jul-01,28.87,30.15,28.52,28.89,71663500
17-Jul-01,28.57,29.94,28.08,29.90,104487600
16-Jul-01,30.03,30.75,28.77,29.13,65739200
13-Jul-01,30.01,30.38,29.25,30.19,42796300
12-Jul-01,29.35,30.19,29.05,30.10,49223400
11-Jul-01,27.65,28.50,27.00,28.06,50333800
10-Jul-01,27.79,29.17,27.46,27.79,41241500
9-Jul-01,28.53,29.43,28.11,28.90,30139400
6-Jul-01,29.14,29.85,28.30,28.43,37375700
5-Jul-01,30.08,31.00,29.80,29.84,35630900
3-Jul-01,29.94,30.69,29.65,30.46,22120800
2-Jul-01,29.58,30.54,29.16,30.06,38578300
29-Jun-01,29.81,30.77,28.75,29.25,49436600
28-Jun-01,29.23,30.50,29.20,29.64,54522800
27-Jun-01,29.00,29.21,28.34,28.65,33729600
26-Jun-01,28.09,29.07,28.03,28.97,34780200
25-Jun-01,28.00,28.69,27.47,28.58,28358600
22-Jun-01,27.47,28.30,27.27,27.51,30366800
21-Jun-01,27.35,28.09,26.95,27.27,45895500
20-Jun-01,26.31,27.66,26.26,27.49,43070200
19-Jun-01,28.53,28.79,26.14,26.67,60427600
18-Jun-01,27.87,28.54,27.43,27.55,27854300
15-Jun-01,27.34,28.30,27.11,27.68,54910400
14-Jun-01,28.56,29.10,27.56,27.61,41913100
13-Jun-01,29.88,30.13,29.00,29.06,41032400
12-Jun-01,29.70,30.21,29.00,30.13,54088900
11-Jun-01,30.17,30.51,29.42,30.33,41072800
8-Jun-01,31.89,31.93,30.00,30.67,68334700
7-Jun-01,29.71,31.23,29.67,31.14,75686000
6-Jun-01,29.45,30.69,29.05,29.82,72646300
5-Jun-01,28.86,29.95,28.85,29.73,51625800
4-Jun-01,29.12,29.50,28.06,28.50,37894700
1-Jun-01,27.26,29.07,27.19,28.74,60601900
31-May-01,27.03,27.58,26.84,27.01,38761100
30-May-01,27.34,27.70,26.40,26.60,47272800
29-May-01,28.96,29.02,27.78,27.85,37797600
25-May-01,29.44,29.55,28.68,29.10,29592100
24-May-01,28.84,29.40,28.12,29.21,47217900
23-May-01,29.37,30.25,28.56,28.80,53488500
22-May-01,30.19,30.43,29.40,29.53,39665300
21-May-01,28.37,30.01,28.19,29.90,44417800
18-May-01,28.53,29.14,27.99,28.76,34775000
17-May-01,28.78,29.19,28.00,28.60,56376100
16-May-01,27.00,28.50,26.50,28.36,59906400
15-May-01,27.62,28.10,26.93,27.20,47310800
14-May-01,28.05,28.15,26.71,27.41,41994500
11-May-01,29.03,29.24,27.79,27.94,47531600
10-May-01,30.48,30.54,28.90,29.01,49116200
9-May-01,30.99,30.99,29.30,29.93,61622800
8-May-01,31.49,31.80,30.90,31.48,41514400
7-May-01,31.05,31.68,30.34,31.16,33647800
4-May-01,29.90,31.05,29.30,30.88,35393400
3-May-01,31.14,31.20,30.11,30.40,37080900
2-May-01,31.89,32.50,31.20,31.94,45022200
1-May-01,30.77,31.41,30.12,31.18,37209500
30-Apr-01,30.85,31.65,30.53,30.91,41266300
27-Apr-01,29.60,30.23,29.05,30.18,42007500
26-Apr-01,30.23,30.36,28.60,28.64,53730100
25-Apr-01,29.00,29.36,27.50,29.03,64640600
24-Apr-01,29.94,31.04,28.90,29.14,50134100
23-Apr-01,31.07,31.30,29.65,30.32,58508800
20-Apr-01,31.97,32.57,31.26,32.43,62659300
19-Apr-01,30.79,32.52,30.45,32.49,85981400
18-Apr-01,29.22,32.19,28.60,31.28,49959200
17-Apr-01,25.25,26.73,25.18,26.04,74191900
16-Apr-01,26.77,26.80,25.52,26.30,59342200
12-Apr-01,27.46,28.51,26.31,28.12,54027200
11-Apr-01,27.90,28.29,27.18,27.52,91360800
10-Apr-01,23.48,25.10,23.35,24.77,55847600
9-Apr-01,23.69,24.20,22.25,23.20,60543900
6-Apr-01,25.06,25.23,23.00,23.62,73969200
5-Apr-01,24.25,25.81,24.09,25.62,67717700
4-Apr-01,24.69,25.09,22.44,22.62,84559100
3-Apr-01,25.31,26.37,24.84,25.00,57244800
2-Apr-01,26.06,26.87,25.06,25.80,44928600
30-Mar-01,26.62,26.75,25.31,26.31,47301100
29-Mar-01,26.87,27.56,25.75,26.56,64854100
28-Mar-01,28.69,29.31,26.81,26.94,73000000
27-Mar-01,28.37,29.70,28.06,29.37,72649100
26-Mar-01,29.50,29.56,27.87,28.31,64436100
23-Mar-01,29.69,29.75,27.69,28.81,84799100
22-Mar-01,26.12,28.81,26.06,28.69,94024200
21-Mar-01,24.75,26.75,24.62,25.56,68554800
20-Mar-01,27.37,27.44,24.56,24.62,64431700
19-Mar-01,27.50,27.75,25.37,27.06,76659800
16-Mar-01,28.44,28.81,27.69,27.87,59073400
15-Mar-01,29.75,29.94,28.44,28.50,40753300
14-Mar-01,28.37,29.87,28.00,29.06,57451600
13-Mar-01,28.25,29.62,27.75,29.37,52031200
12-Mar-01,28.50,29.37,27.56,27.75,59601900
9-Mar-01,30.19,30.59,29.00,29.44,95275300
8-Mar-01,32.94,33.69,32.69,33.25,64904800
7-Mar-01,32.75,33.69,31.69,32.94,77834200
6-Mar-01,31.62,32.88,31.44,31.50,59736600
5-Mar-01,29.87,30.75,29.50,30.37,33278900
2-Mar-01,28.50,31.12,28.37,29.31,54629700
1-Mar-01,28.25,29.25,27.06,29.12,56273000
28-Feb-01,29.37,30.19,28.00,28.56,48602200
27-Feb-01,29.50,30.87,29.00,29.00,40791400
26-Feb-01,30.56,30.70,28.44,29.50,60355000
23-Feb-01,30.37,30.75,28.50,29.94,63563000
22-Feb-01,30.94,31.56,29.62,30.00,58521600
21-Feb-01,31.00,32.75,30.50,30.75,51583400
20-Feb-01,34.06,34.13,31.37,31.44,52401400
16-Feb-01,34.75,35.31,33.63,34.38,41546100
15-Feb-01,35.44,36.50,35.13,35.81,58337000
14-Feb-01,32.56,34.55,31.94,34.13,47443600
13-Feb-01,34.13,35.25,32.38,32.44,41911200
12-Feb-01,33.69,35.19,33.63,34.56,30483100
9-Feb-01,34.31,35.56,33.44,33.50,40893300
8-Feb-01,35.38,36.13,34.56,34.63,42904100
7-Feb-01,35.00,36.06,33.88,34.94,53152500
6-Feb-01,34.56,35.94,34.48,35.44,40334400
5-Feb-01,35.06,35.31,33.67,34.69,39188000
2-Feb-01,37.67,38.23,35.50,35.69,47151900
1-Feb-01,37.06,37.94,36.50,37.81,50300900
31-Jan-01,37.31,38.59,36.50,37.00,71896600
30-Jan-01,37.38,38.19,36.81,37.00,60810000
29-Jan-01,35.25,37.38,34.75,37.06,49094400
26-Jan-01,34.13,36.06,33.75,35.88,48065800
25-Jan-01,35.81,36.06,34.31,34.50,45890600
24-Jan-01,35.69,37.06,35.19,36.25,73584200
23-Jan-01,33.44,35.89,32.75,35.38,84556100
22-Jan-01,32.69,33.88,32.50,33.38,45760300
19-Jan-01,33.38,34.63,32.31,33.56,81353900
18-Jan-01,30.94,32.31,30.00,32.19,86635200
17-Jan-01,33.00,33.06,30.12,30.50,7431600
16-Jan-01,32.19,32.38,31.00,31.37,60301700
12-Jan-01,33.56,33.81,31.81,32.13,51377000
11-Jan-01,32.38,34.25,32.00,33.38,64957200
10-Jan-01,31.62,33.38,31.12,33.00,51496700
9-Jan-01,32.53,32.94,31.87,32.25,40816900
8-Jan-01,31.50,32.31,30.62,31.94,45071200
5-Jan-01,34.06,34.63,31.75,32.06,44977300
4-Jan-01,34.00,35.38,32.69,33.80,68774100
3-Jan-01,30.12,34.63,30.12,34.23,78293000
2-Jan-01,30.69,31.87,30.25,31.06,50344500
29-Dec-00,30.94,31.44,29.81,30.06,54055600
28-Dec-00,32.13,32.69,30.06,30.94,49344800
27-Dec-00,32.69,33.69,32.31,32.56,33622300
26-Dec-00,33.13,33.88,32.00,32.88,28439700
22-Dec-00,33.63,35.00,32.00,32.94,45426400
21-Dec-00,32.00,34.45,31.62,33.13,51590000
20-Dec-00,32.94,34.13,31.50,31.94,63151200
19-Dec-00,33.75,36.25,33.31,33.44,54733600
18-Dec-00,34.19,34.50,32.42,33.25,38559500
15-Dec-00,34.56,34.75,32.31,32.44,80846100
14-Dec-00,35.56,36.63,34.50,35.13,33712500
13-Dec-00,37.75,37.88,35.19,35.50,48725300
12-Dec-00,36.94,37.92,36.38,36.50,48171200
11-Dec-00,35.13,38.19,34.31,37.44,73075000
8-Dec-00,34.75,34.88,33.00,34.00,88022200
7-Dec-00,32.44,33.25,31.44,32.31,68265600
6-Dec-00,35.31,35.31,31.25,31.75,102013100
5-Dec-00,34.63,36.50,34.00,36.00,75072200
4-Dec-00,35.13,35.34,32.06,32.94,82759100
1-Dec-00,38.50,38.50,33.81,34.13,1158400
30-Nov-00,38.50,38.94,36.81,38.06,78958300
29-Nov-00,42.38,43.50,40.94,42.75,61412000
28-Nov-00,43.19,44.63,42.00,42.03,49701200
27-Nov-00,45.44,46.75,43.75,43.94,52925200
24-Nov-00,42.81,44.00,42.00,43.94,20686200
22-Nov-00,42.25,43.88,41.06,41.19,36704200
21-Nov-00,42.44,43.38,41.44,42.63,36760500
20-Nov-00,41.00,42.94,40.63,41.13,37499200
17-Nov-00,40.13,41.75,39.50,41.50,40989500
16-Nov-00,41.25,42.94,39.77,40.00,39525800
15-Nov-00,41.69,42.88,40.75,41.50,41962300
14-Nov-00,40.50,41.25,39.44,40.94,48681100
13-Nov-00,37.00,39.75,36.00,38.19,81395200
10-Nov-00,38.00,39.00,37.00,37.00,94080200
9-Nov-00,42.31,42.38,39.94,41.38,48867300
8-Nov-00,46.25,46.31,42.44,42.69,38076400
7-Nov-00,46.75,46.81,45.31,46.19,21045000
6-Nov-00,46.63,47.38,46.38,46.56,24585500
3-Nov-00,47.13,47.25,45.50,45.94,31105600
2-Nov-00,46.50,47.88,46.38,46.69,65512800
1-Nov-00,44.31,46.56,44.19,44.88,47657200
31-Oct-00,45.69,46.94,44.69,45.00,55796100
30-Oct-00,45.95,46.13,43.88,45.00,49111900
27-Oct-00,45.88,47.00,44.84,46.38,50202200
26-Oct-00,42.00,45.00,41.69,44.69,50813000
25-Oct-00,42.00,43.56,41.14,41.31,53229200
24-Oct-00,43.63,44.50,41.63,42.00,46940900
23-Oct-00,43.69,45.00,42.38,43.31,43749700
20-Oct-00,41.63,44.38,41.38,43.06,59905000
19-Oct-00,42.02,42.31,40.88,41.94,64251100
18-Oct-00,36.25,39.81,35.25,38.19,16790000
17-Oct-00,36.38,36.63,35.00,36.19,78643300
16-Oct-00,39.13,39.19,35.38,35.69,92062300
13-Oct-00,37.11,40.75,36.94,40.38,80913700
12-Oct-00,37.13,38.50,35.00,37.13,100214400
11-Oct-00,37.00,38.13,35.00,35.38,122060300
10-Oct-00,39.19,40.19,37.44,37.56,68884400
9-Oct-00,40.44,40.53,38.00,39.06,56547300
6-Oct-00,41.38,42.25,39.25,39.94,69737200
5-Oct-00,42.13,42.38,40.50,41.00,52073700
4-Oct-00,41.00,42.75,40.75,42.00,63729400
3-Oct-00,41.77,42.50,40.13,40.31,81210200
2-Oct-00,42.94,42.94,39.88,40.13,66788900
29-Sep-00,43.81,43.88,41.38,41.56,72988700
28-Sep-00,44.13,44.56,43.48,44.44,66744100
27-Sep-00,44.63,45.69,43.44,43.88,80368000
26-Sep-00,46.44,46.50,42.81,43.31,112682500
25-Sep-00,50.06,50.20,44.75,45.38,130217300
22-Sep-00,46.75,49.50,46.50,47.94,308736900
21-Sep-00,62.06,62.94,60.38,61.48,57113600
20-Sep-00,61.25,63.50,60.44,63.06,70339200
19-Sep-00,57.19,60.50,56.81,60.38,58858000
18-Sep-00,58.38,59.25,55.50,55.81,50771100
15-Sep-00,59.69,59.88,56.63,57.52,75679200
14-Sep-00,62.50,62.88,59.25,59.63,50494400
13-Sep-00,61.69,63.31,60.50,61.25,70073100
12-Sep-00,65.06,66.94,64.56,64.94,29001400
11-Sep-00,65.56,66.87,63.94,64.69,30512200
8-Sep-00,67.19,67.44,64.94,65.37,29682800
7-Sep-00,66.61,68.69,66.25,67.44,34719400
6-Sep-00,68.06,68.50,65.00,65.70,62347700
5-Sep-00,71.06,71.37,68.25,69.25,58399400
1-Sep-00,75.62,75.69,73.44,73.94,18323100
31-Aug-00,73.87,75.62,73.62,74.87,28531100
30-Aug-00,73.75,74.37,72.75,73.50,21770600
29-Aug-00,73.31,74.94,73.12,74.06,23024800
28-Aug-00,73.25,75.81,73.00,73.87,42760800
25-Aug-00,73.87,74.44,72.62,72.94,20846600
24-Aug-00,74.56,75.83,73.00,74.25,23354500
23-Aug-00,71.44,74.87,70.69,74.62,36180900
22-Aug-00,72.47,73.62,72.12,72.12,31695500
21-Aug-00,72.67,74.06,70.56,72.06,46026700
18-Aug-00,71.00,72.94,70.25,70.56,35798700
17-Aug-00,68.50,71.50,68.44,70.06,40499200
16-Aug-00,68.62,69.50,67.56,68.06,24614800
15-Aug-00,66.81,68.75,66.00,67.87,34466700
14-Aug-00,64.44,67.00,63.63,66.94,25667800
11-Aug-00,61.88,64.12,60.81,63.81,22515000
10-Aug-00,63.19,64.81,62.00,62.00,16683100
9-Aug-00,62.88,64.87,62.84,63.56,30073000
8-Aug-00,62.75,63.38,61.50,61.63,24900200
7-Aug-00,62.63,64.37,61.13,62.94,30636900
4-Aug-00,66.22,66.25,61.44,62.56,34945200
3-Aug-00,61.81,65.37,60.44,65.06,34941700
2-Aug-00,65.25,66.12,63.19,63.31,33230600
1-Aug-00,67.06,67.37,64.25,64.62,25001700
31-Jul-00,65.44,67.56,64.50,66.75,30471100
28-Jul-00,69.00,69.69,64.38,64.57,27720800
27-Jul-00,69.25,70.19,68.00,68.50,19613000
26-Jul-00,69.50,70.07,68.28,69.50,23325500
25-Jul-00,69.36,70.97,68.85,70.44,14812500
24-Jul-00,69.10,71.00,68.82,69.00,19922000
21-Jul-00,71.07,71.12,69.03,69.10,16045200
20-Jul-00,69.47,71.62,68.94,71.35,30246600
19-Jul-00,72.47,73.07,69.00,69.07,36096600
18-Jul-00,72.40,72.42,70.72,71.50,25342800
17-Jul-00,73.32,73.75,72.19,73.15,23290000
14-Jul-00,72.00,73.53,71.53,73.35,18739200
13-Jul-00,70.19,72.50,70.12,71.60,22592500
12-Jul-00,70.12,71.12,69.38,70.60,14913300
11-Jul-00,69.12,70.62,68.57,69.40,21391600
10-Jul-00,68.88,70.00,68.50,68.90,15677300
7-Jul-00,68.88,69.94,68.07,69.65,18645300
6-Jul-00,65.75,68.40,65.28,68.32,22454800
5-Jul-00,66.57,67.25,65.69,65.82,21004100
3-Jul-00,67.07,68.44,66.86,68.44,7543000
30-Jun-00,65.44,67.07,64.82,66.85,20718700
29-Jun-00,65.53,67.19,65.25,65.88,23572700
28-Jun-00,65.97,67.85,65.50,66.19,15319200
27-Jun-00,66.97,68.25,65.62,65.69,16688100
26-Jun-00,67.90,68.60,66.32,67.10,14953800
23-Jun-00,67.62,68.75,67.07,67.19,15161300
22-Jun-00,69.00,69.19,67.00,67.03,14852700
21-Jun-00,68.19,69.62,68.00,69.50,16448900
20-Jun-00,67.97,70.12,67.97,69.15,29295200
19-Jun-00,64.22,68.35,64.19,68.25,30610900
16-Jun-00,64.62,64.85,62.94,63.03,22044800
15-Jun-00,63.37,65.03,63.25,64.12,16708600
14-Jun-00,65.44,65.65,63.00,63.22,18506900
13-Jun-00,62.25,65.93,62.06,65.75,19565200
12-Jun-00,63.90,64.00,62.31,62.53,12975500
9-Jun-00,63.97,64.00,62.75,63.53,13765000
8-Jun-00,64.82,65.75,63.00,63.10,17200900
7-Jun-00,64.62,64.69,62.85,64.47,19880500
6-Jun-00,65.65,67.53,64.75,64.78,23714100
5-Jun-00,66.32,67.50,65.60,66.28,19592500
2-Jun-00,66.40,67.28,66.00,67.10,21333600
1-Jun-00,63.10,65.00,63.06,64.85,22994400
31-May-00,63.12,63.97,62.25,62.35,27047500
30-May-00,59.62,62.94,59.56,62.88,20886200
26-May-00,57.50,59.94,57.19,58.78,15428600
25-May-00,59.35,61.12,56.78,57.60,25246900
24-May-00,54.81,59.08,54.75,58.69,37741700
23-May-00,58.88,59.94,54.90,54.94,25194500
22-May-00,58.75,59.28,55.69,59.19,29627500
19-May-00,60.94,61.81,58.15,58.94,35986200
18-May-00,61.94,63.25,61.56,61.97,25071100
17-May-00,61.19,62.72,60.19,61.60,32772500
16-May-00,59.88,61.44,59.35,60.94,22236600
15-May-00,57.28,59.12,56.38,59.06,20554200
12-May-00,58.31,59.75,57.38,57.50,19217300
11-May-00,53.56,58.00,53.19,57.78,35135900
10-May-00,57.25,58.25,52.56,53.03,48614400
9-May-00,59.19,59.62,57.50,58.47,21530900
8-May-00,61.12,61.35,58.75,58.81,20473900
5-May-00,59.50,61.94,59.50,61.69,17113600
4-May-00,59.38,60.31,58.53,59.78,20493700
