Date,Open,High,Low,Close,Volume
2-Aug-02,121.60,122.95,117.89,119.87,3179400
1-Aug-02,125.25,125.55,121.81,122.13,2895100
31-Jul-02,124.45,126.07,122.80,125.83,3712800
30-Jul-02,126.61,127.55,123.50,125.49,3926500
29-Jul-02,121.70,127.00,121.61,126.66,3316400
26-Jul-02,119.95,121.50,119.00,120.85,2894500
25-Jul-02,119.51,121.99,116.50,119.95,5194900
24-Jul-02,111.77,119.95,110.66,119.72,5535500
23-Jul-02,111.00,113.75,110.05,111.76,5067500
22-Jul-02,109.79,113.15,108.20,109.00,6304300
19-Jul-02,116.65,116.66,108.88,108.88,4863500
18-Jul-02,117.35,118.40,115.98,116.65,3162700
17-Jul-02,117.80,118.47,115.60,117.46,2830600
16-Jul-02,117.50,118.86,115.00,115.90,3216000
15-Jul-02,119.90,119.91,114.86,118.89,4928300
12-Jul-02,122.40,123.36,120.10,120.87,3005400
11-Jul-02,122.20,124.02,120.26,121.40,3848300
10-Jul-02,128.00,128.46,123.98,124.00,3105300
9-Jul-02,129.15,130.09,127.68,128.00,2282300
8-Jul-02,129.60,129.95,128.35,129.15,2243800
5-Jul-02,127.50,129.87,126.60,129.87,916500
3-Jul-02,125.77,127.00,123.10,126.10,2238700
2-Jul-02,127.40,127.50,125.36,125.77,2868300
1-Jul-02,125.75,128.72,125.50,127.40,3740400
28-Jun-02,124.15,125.20,123.00,123.00,2007200
27-Jun-02,122.62,125.17,121.90,125.17,1973600
26-Jun-02,120.75,122.87,119.38,122.42,2358700
25-Jun-02,124.98,125.85,122.40,122.61,1752200
24-Jun-02,124.01,124.99,122.22,124.12,2038100
21-Jun-02,125.70,127.00,123.50,124.00,2793700
20-Jun-02,127.35,128.90,126.35,126.81,1582900
19-Jun-02,128.02,129.60,127.29,127.75,1960500
18-Jun-02,127.37,128.50,126.56,128.50,1091300
17-Jun-02,126.00,127.18,125.05,127.10,1454900
14-Jun-02,125.00,126.19,122.90,126.05,2063400
13-Jun-02,127.30,127.50,125.12,125.80,1179400
12-Jun-02,125.25,127.55,124.35,127.55,1715100
11-Jun-02,126.00,127.50,125.32,125.48,1694600
10-Jun-02,124.41,126.35,124.00,126.00,1483700
7-Jun-02,121.90,124.84,121.90,124.44,1480600
6-Jun-02,125.98,126.10,123.33,123.55,1601000
5-Jun-02,125.00,126.70,124.79,125.73,1446400
4-Jun-02,124.45,125.18,123.65,125.08,1614500
3-Jun-02,125.18,126.48,124.03,124.45,1811800
31-May-02,125.60,127.00,125.43,125.43,1480700
30-May-02,125.00,126.39,124.82,125.10,1622800
29-May-02,127.49,127.98,125.00,125.00,2370000
28-May-02,129.00,129.20,126.76,126.78,1357400
24-May-02,129.07,129.39,127.92,127.95,1490300
23-May-02,128.50,129.19,127.82,128.49,3076200
22-May-02,126.95,127.97,126.20,127.54,1044700
21-May-02,127.67,128.56,126.03,126.36,1421700
20-May-02,129.19,129.19,127.16,127.61,1333300
17-May-02,128.34,129.51,127.98,129.43,1466600
16-May-02,128.87,129.96,128.08,128.78,1309400
15-May-02,128.88,129.46,128.17,128.87,1746700
14-May-02,128.52,129.35,127.38,129.35,2358900
13-May-02,126.36,128.12,125.75,127.87,1961400
10-May-02,125.78,127.32,125.78,126.28,2063900
9-May-02,125.32,126.61,125.16,125.68,1502100
8-May-02,124.99,126.58,124.94,125.56,1968000
7-May-02,123.36,125.29,122.69,123.68,2207500
6-May-02,125.48,126.37,123.61,123.61,1608900
3-May-02,125.58,126.38,124.44,126.38,1786100
2-May-02,125.36,126.78,125.36,126.54,1857300
1-May-02,125.19,126.18,122.40,125.39,1937100
30-Apr-02,122.04,125.92,122.04,125.19,1558000
29-Apr-02,123.12,123.74,121.90,122.04,1528200
26-Apr-02,126.33,126.47,123.69,123.79,1833300
25-Apr-02,124.39,126.33,124.30,126.33,1727300
24-Apr-02,123.59,126.23,123.39,124.89,2377900
23-Apr-02,124.15,124.89,122.98,123.67,1891100
22-Apr-02,124.61,127.47,122.80,124.40,3693900
19-Apr-02,123.64,124.34,122.30,124.28,1207600
18-Apr-02,122.80,123.64,121.61,123.08,1165800
17-Apr-02,123.39,124.39,122.10,122.92,1189800
16-Apr-02,121.90,124.24,121.88,123.80,1877000
15-Apr-02,122.20,123.00,120.83,120.96,1464900
12-Apr-02,123.89,123.89,121.35,121.62,1901800
11-Apr-02,124.53,125.19,123.02,123.24,2525800
10-Apr-02,123.50,124.89,122.50,124.53,2591500
9-Apr-02,123.03,124.64,122.30,124.31,2915200
8-Apr-02,120.34,123.38,120.22,123.03,2615800
5-Apr-02,119.81,121.36,118.42,121.33,7618600
4-Apr-02,112.50,114.23,112.11,113.56,1524300
3-Apr-02,112.80,113.64,111.75,112.36,1827000
2-Apr-02,114.71,115.24,113.14,114.43,1204200
1-Apr-02,114.59,114.99,112.75,114.70,1185000
28-Mar-02,115.28,115.83,112.35,114.45,2070500
27-Mar-02,116.28,117.35,115.77,116.39,1220400
26-Mar-02,114.99,116.72,114.99,116.08,1409900
25-Mar-02,116.30,116.53,114.84,115.14,1225000
22-Mar-02,117.37,117.40,115.15,115.82,1884300
21-Mar-02,119.41,119.61,116.43,117.72,1401000
20-Mar-02,121.01,121.02,119.32,119.32,1376300
19-Mar-02,122.00,122.39,120.92,121.11,1903100
18-Mar-02,121.90,122.03,120.82,121.60,1289400
15-Mar-02,120.06,121.01,119.41,120.81,2834100
14-Mar-02,119.56,120.40,118.72,120.00,1516900
13-Mar-02,120.80,121.37,118.92,118.92,1654200
12-Mar-02,118.42,121.90,118.42,120.71,1910600
11-Mar-02,120.41,120.42,119.03,119.91,1593800
8-Mar-02,120.79,122.20,119.81,120.91,1569600
7-Mar-02,120.73,120.77,118.82,120.54,1884800
6-Mar-02,120.31,121.39,120.21,120.98,1873500
5-Mar-02,121.11,123.10,119.21,119.56,2423700
4-Mar-02,119.38,122.89,118.67,122.41,2599800
1-Mar-02,116.63,120.36,116.63,119.73,1925100
28-Feb-02,118.52,119.10,117.22,117.35,1727900
27-Feb-02,118.87,119.80,117.82,118.42,2046700
26-Feb-02,119.32,119.61,117.37,118.72,2552800
25-Feb-02,118.42,120.21,117.60,119.86,2829100
22-Feb-02,115.44,118.75,115.43,118.42,2373600
21-Feb-02,116.68,117.92,115.43,115.43,2267500
20-Feb-02,113.54,117.12,113.00,116.53,1812000
19-Feb-02,114.26,114.55,112.63,112.82,1982200
15-Feb-02,116.15,116.48,113.99,114.33,2243300
14-Feb-02,114.81,115.91,113.84,115.70,1584100
13-Feb-02,113.52,115.79,113.52,114.62,1484000
12-Feb-02,112.83,113.82,112.13,113.00,1353300
11-Feb-02,109.36,113.15,109.31,112.84,2208300
8-Feb-02,107.98,110.35,106.89,110.07,3749200
7-Feb-02,109.11,110.15,107.98,108.38,1299100
6-Feb-02,108.12,109.36,107.48,108.56,1974900
5-Feb-02,108.77,109.70,106.99,107.56,2362900
4-Feb-02,111.44,111.44,108.37,108.37,1681900
1-Feb-02,109.86,112.19,109.36,112.10,2373100
31-Jan-02,108.74,111.80,108.52,109.86,2262800
30-Jan-02,106.79,109.11,104.41,108.74,3826900
29-Jan-02,109.36,110.10,107.17,107.53,1878400
28-Jan-02,109.41,109.81,108.33,109.40,1529900
25-Jan-02,108.18,111.37,107.58,110.08,2719000
24-Jan-02,106.19,108.97,106.19,108.33,2290100
23-Jan-02,105.55,107.13,103.94,106.35,2030400
22-Jan-02,106.54,107.71,104.76,105.32,2346100
18-Jan-02,103.38,106.88,102.48,105.70,4333800
17-Jan-02,103.62,103.81,98.97,103.44,7927000
16-Jan-02,107.38,107.38,99.17,102.63,11389800
15-Jan-02,110.61,111.24,107.98,108.37,2971900
14-Jan-02,112.62,112.93,110.25,110.61,2550900
11-Jan-02,112.04,113.29,111.35,112.62,2095700
10-Jan-02,112.78,113.52,109.97,112.04,3229800
9-Jan-02,114.11,115.88,113.24,113.47,1570400
8-Jan-02,114.71,114.88,113.32,113.87,1532900
7-Jan-02,115.79,116.49,114.31,114.51,1760500
4-Jan-02,115.46,116.76,115.30,115.89,2032700
3-Jan-02,115.70,116.29,115.27,115.55,1847900
2-Jan-02,115.82,116.78,114.95,115.93,2143500
31-Dec-01,118.68,118.68,116.98,116.99,1723900
28-Dec-01,118.76,118.92,118.07,118.68,1022100
27-Dec-01,119.41,119.94,118.41,118.92,826500
26-Dec-01,118.19,120.64,117.98,119.39,1044700
24-Dec-01,117.97,118.66,117.62,118.19,464800
21-Dec-01,117.28,118.12,116.69,117.97,2105000
20-Dec-01,118.47,118.52,116.93,117.26,1651000
19-Dec-01,117.18,118.65,116.83,118.57,1183600
18-Dec-01,116.29,118.68,116.29,118.27,1802800
17-Dec-01,114.11,117.08,114.11,116.09,1732200
14-Dec-01,113.85,114.78,112.78,114.61,1372100
13-Dec-01,114.56,114.66,113.57,113.86,1308700
12-Dec-01,114.68,115.30,113.93,114.81,1522800
11-Dec-01,115.10,115.47,114.06,114.65,1213300
10-Dec-01,116.55,116.78,113.92,114.40,1538000
7-Dec-01,117.08,117.57,116.17,117.08,1204600
6-Dec-01,116.98,118.43,116.79,117.61,1090600
5-Dec-01,115.79,118.25,115.79,117.64,1579000
4-Dec-01,113.32,115.39,112.87,115.23,1270600
3-Dec-01,113.22,113.22,111.54,112.70,1157600
30-Nov-01,114.01,114.42,113.37,113.40,1227900
29-Nov-01,113.41,114.58,112.97,114.04,1353800
28-Nov-01,114.06,114.65,113.09,113.41,1447900
27-Nov-01,115.60,115.69,114.11,115.03,1387100
26-Nov-01,116.03,116.04,114.85,115.75,1210000
23-Nov-01,114.36,116.26,114.24,116.04,589400
21-Nov-01,114.94,115.10,113.67,114.16,1263200
20-Nov-01,114.16,115.79,114.16,114.95,1541800
19-Nov-01,113.97,115.88,113.54,114.93,1604100
16-Nov-01,113.97,114.71,112.25,113.23,2129300
15-Nov-01,113.09,114.20,112.55,112.86,1441000
14-Nov-01,113.21,114.07,111.76,113.09,1825400
13-Nov-01,109.83,112.20,109.79,111.67,1548600
12-Nov-01,109.31,110.48,108.01,109.24,1955000
9-Nov-01,109.44,110.75,108.94,109.82,1297600
8-Nov-01,108.80,111.31,108.80,109.69,1737600
7-Nov-01,107.70,110.46,107.61,108.75,1649500
6-Nov-01,108.80,108.80,105.93,107.70,3142300
5-Nov-01,108.21,109.47,108.01,108.80,1756700
2-Nov-01,104.84,107.62,104.38,106.54,1527300
1-Nov-01,103.02,104.93,101.81,104.64,1644600
31-Oct-01,104.76,105.34,102.72,102.77,1588200
30-Oct-01,104.67,104.75,102.40,103.74,2079000
29-Oct-01,106.93,107.57,104.64,104.89,2094800
26-Oct-01,106.93,108.31,105.94,108.14,1245700
25-Oct-01,104.91,107.21,104.39,107.03,1742900
24-Oct-01,105.16,105.59,104.37,105.06,1560600
23-Oct-01,106.33,106.33,104.22,104.76,2037500
22-Oct-01,99.45,106.34,99.45,105.74,3481100
19-Oct-01,100.85,101.21,99.60,100.60,2257900
18-Oct-01,101.57,102.30,99.84,101.37,2006900
17-Oct-01,105.65,105.94,101.40,101.57,2202300
16-Oct-01,104.18,105.13,103.29,104.57,1718800
15-Oct-01,102.10,104.37,102.03,104.18,1396400
12-Oct-01,103.83,104.86,102.24,102.88,2097600
11-Oct-01,101.81,105.35,101.70,104.51,3124200
10-Oct-01,97.06,101.32,96.49,100.27,2250100
9-Oct-01,96.95,98.26,95.95,96.93,1468200
8-Oct-01,97.87,98.22,96.20,96.94,1825500
5-Oct-01,97.87,98.46,96.14,98.21,1628600
4-Oct-01,98.06,98.95,97.28,98.11,2171300
3-Oct-01,95.41,98.26,94.62,98.06,2298900
2-Oct-01,95.37,96.20,94.82,95.71,2074000
1-Oct-01,96.49,96.62,93.74,95.37,2615300
28-Sep-01,96.49,97.25,95.31,96.89,2447000
27-Sep-01,91.94,95.02,90.29,94.83,2236400
26-Sep-01,92.06,92.49,91.23,91.94,2141400
25-Sep-01,89.60,92.55,89.12,91.70,2584400
24-Sep-01,85.64,91.06,85.64,90.26,3483000
21-Sep-01,88.94,90.58,84.54,85.64,6110300
20-Sep-01,91.03,91.37,88.12,88.93,3208100
19-Sep-01,93.05,93.83,87.14,91.03,3358100
18-Sep-01,94.03,95.70,91.91,92.69,3017400
17-Sep-01,100.01,100.02,92.97,93.98,3552500
10-Sep-01,99.23,102.30,98.87,100.63,2523100
7-Sep-01,101.23,101.71,99.22,99.23,2353800
6-Sep-01,103.39,103.55,101.42,102.30,1636000
5-Sep-01,103.42,104.67,101.87,103.39,2020300
4-Sep-01,102.50,105.93,102.45,102.94,2154700
31-Aug-01,102.84,104.12,102.01,102.50,1176100
30-Aug-01,104.45,105.99,101.51,102.60,1993800
29-Aug-01,107.72,108.31,104.58,105.11,1801100
28-Aug-01,108.36,108.50,106.73,107.62,1219400
27-Aug-01,109.76,109.81,108.70,108.85,900300
24-Aug-01,106.78,110.10,105.86,108.91,1391200
23-Aug-01,108.13,108.13,106.34,106.68,1482400
22-Aug-01,106.83,108.65,105.40,108.12,2040500
21-Aug-01,106.96,109.17,105.31,105.50,1841800
20-Aug-01,106.41,107.20,105.48,106.33,1108200
17-Aug-01,108.59,108.59,106.21,106.41,2072200
16-Aug-01,107.71,107.71,105.26,106.75,1746200
15-Aug-01,107.07,109.17,106.48,107.36,1425800
14-Aug-01,107.96,108.64,106.41,106.82,1159300
13-Aug-01,106.97,108.31,106.65,108.19,1112900
10-Aug-01,105.50,107.68,105.08,107.56,1646100
9-Aug-01,105.42,106.14,104.38,105.28,1557700
8-Aug-01,108.54,108.95,105.36,105.93,1290100
7-Aug-01,107.51,108.57,107.24,108.54,1128500
6-Aug-01,108.78,109.22,106.92,107.09,936100
3-Aug-01,109.21,109.66,107.69,109.40,1120600
2-Aug-01,109.32,110.15,108.83,108.97,1102000
1-Aug-01,109.17,110.15,108.20,108.68,1604600
31-Jul-01,107.85,110.33,107.55,109.55,1635100
30-Jul-01,109.16,109.66,106.73,106.97,1045700
27-Jul-01,109.13,109.85,108.44,109.15,1093100
26-Jul-01,108.10,109.57,106.41,109.13,1503700
25-Jul-01,105.07,108.19,105.05,108.06,1876100
24-Jul-01,109.17,109.17,104.55,104.83,2619100
23-Jul-01,111.87,112.21,108.68,109.00,1381600
20-Jul-01,112.26,112.26,109.87,110.64,1796300
19-Jul-01,112.35,113.58,110.77,112.26,2273700
18-Jul-01,110.50,111.38,109.66,111.38,1883600
17-Jul-01,107.75,111.61,107.75,110.50,2035200
16-Jul-01,109.03,110.13,107.75,107.75,1569400
13-Jul-01,110.64,111.13,109.08,109.89,1395200
12-Jul-01,109.66,111.62,109.32,111.16,1558000
11-Jul-01,108.78,110.13,107.71,109.41,1963100
10-Jul-01,112.21,112.99,109.17,109.32,1917100
9-Jul-01,111.62,112.59,110.40,112.45,1969100
6-Jul-01,113.48,113.77,111.33,112.21,1672800
5-Jul-01,113.73,114.78,112.94,114.01,1238000
3-Jul-01,113.60,115.05,113.10,114.39,1232100
2-Jul-01,106.97,114.95,106.97,114.81,5802800
29-Jun-01,113.44,115.15,111.72,111.72,2038700
28-Jun-01,113.43,115.49,113.14,113.44,1468900
27-Jun-01,113.48,114.46,111.62,111.92,1870500
26-Jun-01,112.60,114.23,112.26,112.60,2300100
25-Jun-01,114.56,116.20,113.28,113.28,1890400
22-Jun-01,114.41,115.52,114.07,114.34,1459200
21-Jun-01,115.24,116.12,113.09,113.91,3914300
20-Jun-01,117.85,117.85,114.57,116.12,3274700
19-Jun-01,119.68,120.43,117.74,117.85,1700200
18-Jun-01,118.47,121.05,118.47,119.68,1630300
15-Jun-01,118.43,120.19,117.25,118.36,2534600
14-Jun-01,119.40,119.85,117.62,118.24,1376400
13-Jun-01,119.85,121.41,119.17,119.40,1408500
12-Jun-01,117.83,119.88,117.40,119.53,2041800
11-Jun-01,117.64,118.35,116.57,117.83,850100
8-Jun-01,118.96,118.96,117.35,117.60,965400
7-Jun-01,118.92,120.52,118.38,119.26,1146900
6-Jun-01,119.40,119.45,118.34,119.05,1503800
5-Jun-01,117.69,119.34,116.60,118.96,1552400
4-Jun-01,116.57,118.52,116.06,117.50,1199000
1-Jun-01,115.59,117.30,113.42,116.92,2136900
31-May-01,114.91,116.91,114.91,116.11,1561400
30-May-01,116.27,117.01,114.28,114.90,1687500
29-May-01,116.52,118.21,115.54,117.25,1555400
25-May-01,116.76,117.59,116.29,116.29,1047500
24-May-01,118.36,118.96,115.55,116.50,2559900
23-May-01,118.08,118.56,117.60,118.12,1402800
22-May-01,120.73,120.83,118.00,118.47,2155800
21-May-01,120.53,121.27,119.71,120.52,1400000
18-May-01,121.25,121.80,119.45,120.48,1966600
17-May-01,122.40,124.35,120.14,121.13,4029400
16-May-01,115.64,122.93,115.10,122.88,3585300
15-May-01,115.24,116.66,114.77,115.10,1421600
14-May-01,114.35,115.34,114.22,115.24,820400
11-May-01,114.99,115.68,113.44,114.35,1129900
10-May-01,114.32,115.89,114.27,114.99,1172000
9-May-01,113.35,115.05,113.29,113.91,1303900
8-May-01,114.83,115.58,112.78,113.35,1805000
7-May-01,116.17,117.58,114.51,114.85,1467100
4-May-01,113.73,116.90,113.10,116.89,2092700
3-May-01,113.73,115.73,112.37,114.71,2008400
2-May-01,115.44,115.44,112.69,113.54,2157900
1-May-01,115.93,115.93,113.37,114.47,1757900
30-Apr-01,115.90,118.77,115.29,115.93,2521700
27-Apr-01,114.46,116.56,114.27,115.91,1585500
26-Apr-01,114.31,115.61,112.52,114.79,1303500
25-Apr-01,113.11,114.37,111.60,114.01,1680100
24-Apr-01,113.20,116.59,112.54,113.11,3150100
23-Apr-01,109.69,113.68,108.15,113.29,2990100
20-Apr-01,111.56,112.13,109.25,109.59,2173000
19-Apr-01,112.76,113.49,111.08,113.49,1924700
18-Apr-01,107.74,114.22,106.09,113.00,3419800
17-Apr-01,106.65,107.79,105.40,106.09,1832200
16-Apr-01,104.94,107.85,104.94,107.62,2045800
12-Apr-01,103.26,105.44,102.68,104.95,1628800
11-Apr-01,108.13,108.33,103.50,104.05,2287200
10-Apr-01,102.77,108.91,102.53,105.76,3887200
9-Apr-01,101.12,102.48,100.40,101.88,1977200
6-Apr-01,99.71,100.24,98.17,99.36,1861300
5-Apr-01,98.39,101.17,98.37,100.56,2960200
4-Apr-01,97.32,99.36,94.65,96.07,4024900
3-Apr-01,98.73,99.36,95.96,97.33,3259000
2-Apr-01,100.92,103.36,98.88,99.41,2320300
30-Mar-01,100.39,102.53,99.41,101.21,1848100
29-Mar-01,101.33,101.33,97.95,100.14,2493500
28-Mar-01,100.97,102.24,99.81,102.12,2235300
27-Mar-01,101.31,103.55,100.11,102.69,3263200
26-Mar-01,98.88,103.75,98.88,101.34,2723700
23-Mar-01,99.61,100.78,96.93,99.12,3910200
22-Mar-01,98.39,100.83,95.96,99.18,6737700
21-Mar-01,102.51,103.07,99.38,100.95,4492800
20-Mar-01,105.19,106.67,102.51,102.52,2752500
19-Mar-01,103.27,105.84,102.51,105.19,2357200
16-Mar-01,107.45,107.45,102.77,103.27,3378400
15-Mar-01,106.57,107.08,105.21,106.42,2110800
14-Mar-01,102.29,107.16,101.81,104.73,5657000
13-Mar-01,109.98,109.98,103.75,104.92,4963000
12-Mar-01,113.00,113.78,108.13,108.91,2749800
9-Mar-01,113.88,116.66,112.08,113.40,3004100
8-Mar-01,110.96,114.46,110.33,114.16,2428400
7-Mar-01,109.40,110.30,109.26,110.01,1460400
6-Mar-01,110.57,110.57,108.99,109.35,1586100
5-Mar-01,109.30,110.18,108.57,109.30,1329500
2-Mar-01,106.72,110.06,105.72,108.45,2667700
1-Mar-01,109.84,110.02,106.48,106.77,2510900
28-Feb-01,110.09,111.12,109.14,109.84,2091600
27-Feb-01,109.40,110.55,107.84,110.08,1907900
26-Feb-01,108.13,109.01,107.23,108.47,1684000
23-Feb-01,108.08,108.52,107.03,107.55,2810200
22-Feb-01,109.45,109.59,105.82,107.40,2174800
21-Feb-01,110.08,111.29,108.38,108.39,1596900
20-Feb-01,109.72,111.19,109.64,110.31,1729700
16-Feb-01,111.20,111.39,108.02,109.71,1754800
15-Feb-01,107.42,111.34,106.64,111.20,1402100
14-Feb-01,110.61,110.61,105.63,107.53,2104000
13-Feb-01,109.00,111.83,108.72,110.61,1688600
12-Feb-01,107.06,109.00,106.96,109.00,1360900
9-Feb-01,108.82,108.83,107.02,107.23,870900
8-Feb-01,109.37,109.45,107.75,108.58,1051200
7-Feb-01,107.66,110.61,107.66,108.42,1401800
6-Feb-01,107.66,109.74,106.81,108.20,1540300
5-Feb-01,104.95,108.18,104.95,106.37,1645300
2-Feb-01,107.37,108.24,104.27,105.36,1662100
1-Feb-01,107.46,109.97,106.12,108.10,1892300
31-Jan-01,107.96,109.40,106.99,107.22,2038900
30-Jan-01,103.44,108.53,103.15,107.95,2312600
29-Jan-01,103.99,104.46,102.59,103.97,1537700
26-Jan-01,106.17,107.14,103.57,103.99,1478000
25-Jan-01,103.69,106.41,100.84,106.11,2112000
24-Jan-01,106.11,107.20,102.47,103.81,1851500
23-Jan-01,105.50,108.23,105.08,107.56,1764400
22-Jan-01,103.26,105.62,102.17,105.50,2026200
19-Jan-01,105.56,105.56,102.90,103.44,2030800
18-Jan-01,106.59,106.59,104.41,105.62,2682900
17-Jan-01,103.20,106.59,102.60,106.59,5776100
16-Jan-01,107.20,109.99,106.65,109.99,2123700
12-Jan-01,108.65,108.71,105.14,106.29,1827900
11-Jan-01,108.89,110.41,106.17,108.65,2095300
10-Jan-01,107.20,109.02,105.62,108.83,2172200
9-Jan-01,111.38,111.62,108.65,109.92,1981400
8-Jan-01,109.50,111.80,106.17,111.68,2743300
5-Jan-01,113.38,113.38,107.14,111.01,4183500
4-Jan-01,114.22,115.80,111.98,115.31,2030200
3-Jan-01,114.35,116.16,112.77,114.16,2377200
2-Jan-01,114.47,117.74,113.86,115.50,2325600
29-Dec-00,118.16,119.13,115.92,116.77,1377100
28-Dec-00,114.83,119.13,112.65,118.16,2143600
27-Dec-00,112.29,115.68,110.83,115.50,1282800
26-Dec-00,109.86,111.44,108.71,111.44,999800
22-Dec-00,108.96,109.92,107.44,109.26,1830000
21-Dec-00,108.05,110.41,106.11,109.20,2405300
20-Dec-00,106.83,110.17,106.83,109.44,1919400
19-Dec-00,111.07,112.41,109.14,110.23,2321000
18-Dec-00,110.35,111.38,109.62,111.07,2010900
15-Dec-00,109.74,110.23,107.80,108.71,2973200
14-Dec-00,109.56,110.83,106.78,107.56,2040600
13-Dec-00,110.47,111.44,109.02,110.29,1426300
12-Dec-00,110.83,111.20,110.11,110.35,2058200
11-Dec-00,112.23,112.71,110.95,111.68,1648300
8-Dec-00,111.32,113.56,110.04,113.32,3179300
7-Dec-00,110.77,111.26,109.02,111.14,3751200
6-Dec-00,111.86,113.13,111.01,111.56,6257600
5-Dec-00,103.93,115.31,103.93,113.01,14558000
4-Dec-00,96.78,103.32,96.36,101.75,6105500
1-Dec-00,96.18,97.21,96.18,96.54,1264300
30-Nov-00,97.02,97.14,95.33,96.78,1468200
29-Nov-00,96.05,97.02,95.99,97.02,1320600
28-Nov-00,95.45,98.11,95.09,95.81,1867900
27-Nov-00,93.09,96.90,92.18,96.18,2326900
24-Nov-00,92.85,93.09,92.18,92.85,495400
22-Nov-00,92.12,94.00,92.12,92.85,1078300
21-Nov-00,91.33,92.91,91.33,92.72,1170200
20-Nov-00,92.88,93.12,90.77,91.13,1527700
17-Nov-00,92.46,93.42,91.67,92.46,1657200
16-Nov-00,93.66,93.78,90.23,91.79,1533800
15-Nov-00,90.59,93.12,90.59,91.85,1475300
14-Nov-00,90.59,91.91,89.33,91.49,1327500
13-Nov-00,90.65,92.22,90.59,91.31,1122700
10-Nov-00,94.02,94.80,91.13,91.49,980000
9-Nov-00,92.82,94.86,91.61,93.78,1102900
8-Nov-00,93.96,96.07,92.22,93.72,1438200
7-Nov-00,94.62,94.62,92.46,93.36,906100
6-Nov-00,91.25,94.62,90.77,93.78,1684000
3-Nov-00,91.19,91.55,90.35,91.37,1251500
2-Nov-00,91.67,92.40,90.95,91.43,1392900
1-Nov-00,92.70,94.32,91.31,91.61,1336600
31-Oct-00,90.77,93.18,89.15,93.06,2084000
30-Oct-00,89.81,92.22,88.66,91.49,1477600
27-Oct-00,88.91,90.05,87.28,90.05,1070400
26-Oct-00,86.62,89.69,86.50,88.78,1132500
25-Oct-00,85.96,86.86,85.78,86.80,1441200
24-Oct-00,87.52,88.60,86.26,86.74,1139700
23-Oct-00,88.60,90.53,85.23,86.50,2847100
20-Oct-00,84.75,85.59,80.84,84.03,5121500
19-Oct-00,87.88,87.88,85.17,85.71,2387700
18-Oct-00,86.92,88.00,86.92,87.76,2106700
17-Oct-00,89.09,89.93,87.58,87.76,2000800
16-Oct-00,88.24,91.37,88.24,88.78,1428500
13-Oct-00,87.28,87.94,87.28,87.64,3113900
12-Oct-00,89.69,89.75,87.16,87.52,2443400
11-Oct-00,91.01,91.91,89.63,89.81,1183600
10-Oct-00,88.78,91.37,88.78,89.69,1164400
9-Oct-00,88.91,90.83,88.36,88.36,894800
6-Oct-00,90.29,91.25,88.78,88.78,1396000
5-Oct-00,91.49,91.49,89.63,89.81,1277600
4-Oct-00,89.87,92.46,89.87,91.97,2022900
3-Oct-00,88.12,91.43,88.12,90.53,1455800
2-Oct-00,88.54,89.27,87.46,88.30,1246700
29-Sep-00,88.00,89.93,87.64,87.76,1629100
28-Sep-00,86.86,89.99,86.74,88.24,1653000
27-Sep-00,86.62,87.88,85.90,86.62,2535800
26-Sep-00,86.68,87.64,85.17,86.56,2932900
25-Sep-00,84.75,86.74,84.51,86.68,2146900
22-Sep-00,84.27,86.20,83.07,84.99,2546200
21-Sep-00,81.50,84.57,81.38,83.25,2910100
20-Sep-00,80.66,81.56,77.53,78.73,2260000
19-Sep-00,81.08,81.56,80.00,80.78,1652700
18-Sep-00,81.26,81.50,78.97,80.12,2110100
15-Sep-00,83.07,83.07,81.02,81.98,2401000
14-Sep-00,83.07,83.25,81.02,81.86,1973800
13-Sep-00,85.35,86.62,83.01,83.31,1322000
12-Sep-00,85.17,86.38,84.75,84.81,1268700
11-Sep-00,87.16,87.22,85.11,85.65,1315400
8-Sep-00,86.92,88.00,85.71,86.62,1863400
7-Sep-00,89.57,89.81,88.24,88.24,1914900
6-Sep-00,90.11,92.40,90.05,90.65,1368900
5-Sep-00,89.03,89.45,88.18,88.84,1135800
1-Sep-00,90.47,91.07,89.09,89.09,1602200
31-Aug-00,89.75,92.04,89.57,89.58,1046600
30-Aug-00,91.13,91.61,89.81,89.93,892200
29-Aug-00,91.85,92.10,91.13,91.13,950300
28-Aug-00,92.46,93.84,91.61,91.61,804000
25-Aug-00,91.55,92.22,91.55,92.22,786400
24-Aug-00,92.16,92.34,91.01,91.31,828300
23-Aug-00,92.64,93.24,91.79,92.40,873600
22-Aug-00,90.82,92.86,90.70,92.20,749400
21-Aug-00,91.30,91.72,90.52,90.88,528600
18-Aug-00,91.42,91.42,90.70,91.06,756500
17-Aug-00,90.76,91.54,90.28,91.18,864100
16-Aug-00,90.94,90.94,89.99,90.52,935500
15-Aug-00,91.72,91.78,90.22,90.82,815400
14-Aug-00,92.14,92.14,89.81,91.60,1146100
11-Aug-00,90.88,93.28,90.88,92.62,1831900
10-Aug-00,88.97,91.42,88.97,90.82,1931000
9-Aug-00,88.31,89.45,87.71,88.55,1570300
8-Aug-00,87.05,88.25,86.34,87.47,1431200
7-Aug-00,86.16,87.05,86.16,86.99,796700
4-Aug-00,86.10,86.81,85.80,86.16,1016400
3-Aug-00,86.81,87.05,86.10,86.10,1046700
2-Aug-00,85.74,86.75,85.08,86.40,1001700
1-Aug-00,86.63,87.29,85.44,85.56,1355700
31-Jul-00,87.05,87.41,86.22,86.22,1120200
28-Jul-00,85.44,87.71,85.08,87.11,1197500
27-Jul-00,85.92,86.51,84.78,85.20,1034700
26-Jul-00,85.14,87.53,84.78,84.78,1980200
25-Jul-00,84.72,85.86,84.42,84.54,1006900
24-Jul-00,82.33,86.51,82.33,85.26,1294900
21-Jul-00,82.63,82.69,81.67,82.69,712900
20-Jul-00,83.04,83.16,82.33,82.81,1113300
19-Jul-00,85.20,85.26,82.57,82.81,1549400
18-Jul-00,83.40,84.78,83.34,84.24,751000
17-Jul-00,83.28,83.76,82.51,83.52,935700
14-Jul-00,85.50,85.50,82.93,84.12,1129500
13-Jul-00,86.99,86.99,85.68,85.74,831200
12-Jul-00,86.40,86.69,85.26,86.22,1561500
11-Jul-00,83.46,86.10,83.04,85.14,1596800
10-Jul-00,81.61,83.88,81.49,83.46,1306900
7-Jul-00,82.93,84.00,82.33,82.45,1324600
6-Jul-00,83.70,84.36,82.81,82.87,1277900
5-Jul-00,82.27,85.56,81.25,84.72,1692700
3-Jul-00,79.45,80.77,79.45,80.47,814700
30-Jun-00,81.67,82.33,78.96,79.45,1801800
29-Jun-00,80.89,83.10,80.59,81.91,1276400
28-Jun-00,82.98,83.16,81.79,82.40,1055200
27-Jun-00,82.81,84.12,82.51,82.93,1536400
26-Jun-00,80.77,82.27,80.71,81.85,1112400
23-Jun-00,81.25,81.25,80.47,80.83,789800
22-Jun-00,82.63,84.00,81.31,82.39,1399100
21-Jun-00,80.89,82.81,80.47,82.57,1636300
20-Jun-00,80.05,81.37,77.60,78.68,1399700
19-Jun-00,81.25,81.85,79.40,79.93,1211700
16-Jun-00,82.75,82.75,80.83,80.83,1921400
15-Jun-00,80.71,83.64,80.65,82.75,2085700
14-Jun-00,80.41,81.31,79.93,80.59,1374300
13-Jun-00,78.14,79.75,78.14,78.38,1075600
12-Jun-00,78.50,80.23,78.38,78.47,1010700
9-Jun-00,78.44,78.68,77.72,78.44,1073100
8-Jun-00,78.44,78.50,77.00,78.26,1241600
7-Jun-00,78.80,79.63,78.02,78.26,1588300
6-Jun-00,81.37,81.37,78.56,78.80,1569600
5-Jun-00,81.01,81.43,80.53,81.43,1352300
2-Jun-00,82.81,83.04,80.41,80.71,1665800
1-Jun-00,82.39,82.39,80.77,81.25,1017000
31-May-00,82.45,83.58,82.09,82.09,1068500
30-May-00,81.01,82.87,80.83,81.49,786600
26-May-00,81.55,82.69,80.41,80.41,892300
25-May-00,83.58,84.48,80.41,81.31,1256400
24-May-00,81.37,84.96,81.37,84.42,1620500
23-May-00,80.59,81.07,79.69,80.53,764200
22-May-00,81.13,81.73,79.81,80.59,1284300
19-May-00,82.51,82.93,80.17,80.89,1374700
18-May-00,84.42,84.84,83.28,83.34,799800
17-May-00,84.60,85.32,83.88,84.24,1096500
16-May-00,81.97,86.85,81.38,85.66,2025700
15-May-00,81.20,82.69,81.14,81.74,1317500
12-May-00,81.08,81.80,80.37,80.73,919200
11-May-00,82.09,82.63,81.38,81.74,1173700
10-May-00,82.03,82.27,80.67,81.74,999200
9-May-00,82.75,83.58,81.32,81.80,974600
8-May-00,83.46,83.46,81.32,83.04,880000
5-May-00,81.02,82.99,80.67,82.45,1188200
4-May-00,81.97,83.40,80.61,81.26,1383100
