Date,Open,High,Low,Close,Volume
2-Aug-02,47.35,49.34,47.23,47.86,6707700
1-Aug-02,49.36,49.36,47.66,47.95,6696100
31-Jul-02,48.30,49.60,47.26,49.60,7176400
30-Jul-02,47.75,49.10,47.50,48.51,7237400
29-Jul-02,47.48,48.57,46.93,48.46,9625400
26-Jul-02,44.22,46.00,43.69,46.00,8441300
25-Jul-02,42.20,45.04,41.86,44.46,11454200
24-Jul-02,39.10,43.01,38.56,42.60,13536100
23-Jul-02,39.66,40.50,38.50,39.05,11469300
22-Jul-02,41.30,42.45,39.00,40.01,12160200
19-Jul-02,42.01,42.66,41.45,41.50,11913800
18-Jul-02,43.63,44.26,42.00,42.00,8580700
17-Jul-02,44.60,45.75,43.51,44.50,9632700
16-Jul-02,44.75,45.70,43.75,44.01,8756300
15-Jul-02,45.00,47.20,42.87,45.70,12589900
12-Jul-02,44.30,45.89,43.30,45.55,11510500
11-Jul-02,42.78,44.91,42.10,44.28,18216600
10-Jul-02,45.50,45.50,43.35,43.57,18987700
9-Jul-02,47.11,47.40,45.26,45.75,14032100
8-Jul-02,46.98,48.30,46.60,47.81,18992100
5-Jul-02,47.50,48.90,47.50,48.86,3902000
3-Jul-02,46.65,47.28,46.57,47.28,10145700
2-Jul-02,48.95,49.00,46.55,46.92,8935000
1-Jul-02,50.89,51.09,48.50,48.75,6479900
28-Jun-02,50.30,51.45,49.86,50.64,7247600
27-Jun-02,50.30,51.00,49.49,50.88,6425100
26-Jun-02,48.00,50.75,47.60,50.33,8971000
25-Jun-02,48.77,50.15,48.67,49.05,8172600
24-Jun-02,49.05,50.00,47.60,49.50,13450800
21-Jun-02,50.25,51.20,49.75,49.98,15282200
20-Jun-02,52.05,52.57,52.00,52.20,4638100
19-Jun-02,52.52,53.50,52.31,52.54,5191300
18-Jun-02,53.27,53.59,52.89,52.96,4115000
17-Jun-02,52.51,53.87,52.11,53.37,5365700
14-Jun-02,52.00,52.69,50.95,52.51,6601000
13-Jun-02,51.80,53.10,51.17,52.03,6977100
12-Jun-02,50.78,52.10,50.78,51.99,7825500
11-Jun-02,53.40,54.00,51.62,51.88,9511300
10-Jun-02,52.67,54.90,52.26,54.30,5665900
7-Jun-02,52.25,53.15,52.01,52.68,9558100
6-Jun-02,54.25,54.26,52.40,53.20,8464800
5-Jun-02,54.95,54.99,54.06,54.95,4583700
4-Jun-02,54.87,54.89,53.89,54.30,5880100
3-Jun-02,56.68,56.82,54.70,54.87,5067500
31-May-02,56.49,56.98,56.17,56.73,6756500
30-May-02,56.04,56.76,55.74,56.03,4323900
29-May-02,55.68,56.83,55.59,56.76,6017100
28-May-02,56.14,56.26,55.59,55.68,4429000
24-May-02,57.08,57.53,55.91,56.13,3936700
23-May-02,56.91,57.18,56.14,57.13,5595500
22-May-02,57.33,57.88,56.65,57.15,4222700
21-May-02,57.84,58.17,57.15,57.43,4971600
20-May-02,57.66,58.47,57.24,57.83,4931000
17-May-02,56.24,57.88,56.19,57.76,6116100
16-May-02,56.54,56.55,55.64,56.24,5740300
15-May-02,56.72,57.07,56.04,56.54,5359500
14-May-02,56.62,57.42,56.52,57.13,5503600
13-May-02,55.63,56.43,55.52,56.28,4184300
10-May-02,55.42,56.61,55.03,55.25,5751800
9-May-02,55.54,56.02,55.40,55.40,4599800
8-May-02,54.90,56.61,54.45,56.27,5349900
7-May-02,55.56,55.71,54.67,55.19,6637300
6-May-02,55.24,55.94,55.15,55.51,6127900
3-May-02,55.49,55.53,54.65,55.14,4888800
2-May-02,54.95,55.44,54.35,55.21,7146900
1-May-02,53.70,55.14,53.66,54.95,6406100
30-Apr-02,54.15,54.34,53.41,53.99,7402700
29-Apr-02,54.12,54.77,53.85,54.32,6495700
26-Apr-02,54.75,54.75,53.43,54.12,4752200
25-Apr-02,54.49,55.34,54.24,54.54,7094200
24-Apr-02,54.95,55.33,54.25,54.49,6466400
23-Apr-02,56.24,56.59,54.91,55.13,7186300
22-Apr-02,56.59,56.62,55.89,56.16,5517000
19-Apr-02,56.77,56.77,56.45,56.58,7916900
18-Apr-02,55.64,56.39,55.44,56.21,9836800
17-Apr-02,55.05,55.07,54.55,54.70,7555700
16-Apr-02,54.60,54.92,54.20,54.67,7290900
15-Apr-02,54.15,54.62,53.73,54.18,6937100
12-Apr-02,52.25,53.85,51.67,53.65,10767400
11-Apr-02,52.66,53.16,50.67,51.82,13920300
10-Apr-02,53.41,53.45,52.56,52.80,10870100
9-Apr-02,53.70,54.55,53.21,53.25,11107900
8-Apr-02,54.73,55.14,53.65,53.81,9355700
5-Apr-02,55.73,55.76,54.66,54.90,7567400
4-Apr-02,55.79,55.89,54.90,55.44,13694400
3-Apr-02,57.30,57.37,56.59,56.92,6824700
2-Apr-02,57.23,57.38,56.44,57.07,7076300
1-Apr-02,57.26,57.43,56.89,57.23,7535500
28-Mar-02,57.04,57.33,56.88,57.21,6310500
27-Mar-02,56.98,57.13,56.62,57.04,5501900
26-Mar-02,57.23,57.63,56.78,57.03,5700900
25-Mar-02,57.51,58.19,57.14,57.14,6734400
22-Mar-02,57.33,58.50,57.33,57.83,5371800
21-Mar-02,57.72,57.81,56.93,57.68,6004300
20-Mar-02,58.05,58.57,57.35,57.71,9603100
19-Mar-02,58.90,58.90,57.88,58.05,8644000
18-Mar-02,58.88,59.32,58.14,58.41,12978300
15-Mar-02,60.51,60.61,59.16,59.37,26943800
14-Mar-02,63.44,63.89,62.92,63.03,3855000
13-Mar-02,62.84,64.09,62.76,63.96,6998400
12-Mar-02,62.12,63.14,61.61,63.08,3960900
11-Mar-02,62.23,62.67,61.64,62.34,3700600
8-Mar-02,62.77,63.08,61.80,62.10,4462200
7-Mar-02,62.27,62.97,61.29,62.77,4651000
6-Mar-02,61.50,62.61,61.45,62.27,4868300
5-Mar-02,62.00,62.21,61.07,61.07,5618700
4-Mar-02,61.99,62.51,61.45,62.25,5688100
1-Mar-02,60.62,62.22,60.57,62.22,4910200
28-Feb-02,59.92,61.00,59.92,60.59,4638000
27-Feb-02,60.38,61.73,59.63,60.15,7073600
26-Feb-02,60.10,60.75,59.53,59.92,5146500
25-Feb-02,60.40,60.66,59.66,60.11,5929600
22-Feb-02,59.87,61.18,59.80,60.76,5869800
21-Feb-02,60.52,61.35,60.25,60.28,7172400
20-Feb-02,58.55,60.74,58.35,60.52,7268900
19-Feb-02,58.42,59.03,58.19,58.54,4057200
15-Feb-02,58.97,59.24,58.56,59.09,7023000
14-Feb-02,59.32,59.43,58.44,58.97,6287900
13-Feb-02,59.57,59.96,59.03,59.85,5497400
12-Feb-02,58.61,59.82,58.50,59.50,5789900
11-Feb-02,58.45,58.86,57.94,58.73,4084300
8-Feb-02,57.36,59.27,57.01,58.44,5002600
7-Feb-02,57.82,58.38,57.36,57.63,4423100
6-Feb-02,58.29,58.59,57.70,57.91,4043900
5-Feb-02,57.30,58.90,57.22,58.69,4500400
4-Feb-02,58.72,58.72,57.42,57.74,4171400
1-Feb-02,58.31,58.88,58.22,58.72,4681700
31-Jan-02,57.85,58.57,57.56,58.47,6520300
30-Jan-02,57.28,58.78,57.03,58.13,9855500
29-Jan-02,57.55,58.14,56.40,56.83,11562900
28-Jan-02,56.60,56.61,56.03,56.31,4960600
25-Jan-02,56.49,56.61,56.12,56.27,6513400
24-Jan-02,57.31,57.48,56.62,56.93,7046900
23-Jan-02,58.75,59.16,57.55,57.55,7133500
22-Jan-02,57.74,58.77,57.74,58.58,5260000
18-Jan-02,57.90,58.19,56.83,57.30,5573200
17-Jan-02,57.47,58.19,57.38,57.90,4192700
16-Jan-02,58.14,58.57,57.48,57.53,4016600
15-Jan-02,58.78,59.13,57.35,57.94,8165100
14-Jan-02,58.39,59.15,58.14,58.14,5061200
11-Jan-02,58.88,59.13,57.83,58.27,5693900
10-Jan-02,57.70,58.28,57.57,58.26,5211700
9-Jan-02,58.02,58.93,57.90,58.11,6553000
8-Jan-02,57.40,58.02,57.36,58.02,7115000
7-Jan-02,57.74,57.94,57.33,57.40,5543300
4-Jan-02,57.85,58.18,57.25,58.18,6530900
3-Jan-02,59.04,59.04,57.70,58.32,7991400
2-Jan-02,58.44,59.13,57.40,59.04,7195100
31-Dec-01,58.83,58.96,58.05,58.09,5405600
28-Dec-01,58.93,59.20,58.68,58.80,3971000
27-Dec-01,58.31,59.06,58.14,59.06,5134200
26-Dec-01,59.31,59.67,58.84,59.23,4528400
24-Dec-01,58.98,59.42,58.93,59.31,2593600
21-Dec-01,59.48,59.51,58.78,58.91,9016700
20-Dec-01,58.62,59.45,57.98,59.03,6881700
19-Dec-01,57.81,59.28,57.70,58.62,10191700
18-Dec-01,57.29,58.17,56.57,57.80,9227600
17-Dec-01,57.88,58.19,56.12,56.48,10765200
14-Dec-01,57.45,57.69,57.08,57.39,7749400
13-Dec-01,57.85,59.13,56.81,57.24,13688100
12-Dec-01,60.02,60.02,56.80,57.82,32864100
11-Dec-01,66.64,66.74,59.09,59.97,20710800
10-Dec-01,65.85,67.08,65.40,66.18,7030900
7-Dec-01,65.35,66.19,65.31,66.19,5059500
6-Dec-01,65.71,66.19,65.26,65.35,5538200
5-Dec-01,66.47,66.47,64.71,65.44,6886400
4-Dec-01,67.33,67.39,65.85,66.47,4453300
3-Dec-01,66.00,67.33,65.70,67.33,5155500
30-Nov-01,65.85,66.96,65.85,66.59,5648700
29-Nov-01,64.97,65.74,64.72,65.70,4825200
28-Nov-01,65.57,65.82,64.13,64.23,4422700
27-Nov-01,65.90,66.72,64.87,65.45,5022400
26-Nov-01,64.72,66.84,64.63,65.90,6192800
23-Nov-01,64.46,65.00,63.89,64.80,2340200
21-Nov-01,63.04,64.50,62.95,64.46,4542700
20-Nov-01,62.90,63.49,62.80,63.04,5477600
19-Nov-01,63.39,63.53,62.66,63.48,6800400
16-Nov-01,64.08,64.27,62.95,63.79,5476800
15-Nov-01,63.86,64.43,63.43,63.55,5175600
14-Nov-01,63.77,64.40,63.21,63.78,4872300
13-Nov-01,63.33,63.94,62.66,63.47,5825200
12-Nov-01,63.00,63.69,62.41,63.28,4320300
9-Nov-01,64.08,64.65,63.35,63.50,3278600
8-Nov-01,63.74,64.66,63.47,64.10,4199700
7-Nov-01,64.32,65.01,63.35,63.63,3906900
6-Nov-01,63.49,64.49,63.01,64.32,4608400
5-Nov-01,64.41,65.07,64.04,64.26,4008600
2-Nov-01,62.90,64.13,62.90,63.92,4158900
1-Nov-01,62.72,63.79,62.33,63.10,5559000
31-Oct-01,63.62,63.85,62.71,62.72,4138100
30-Oct-01,63.91,64.03,62.88,63.64,4014100
29-Oct-01,64.38,64.94,64.03,64.11,3039800
26-Oct-01,65.31,65.32,64.48,64.67,4003700
25-Oct-01,65.26,66.14,64.16,65.35,4636800
24-Oct-01,65.07,66.64,65.03,65.85,3826800
23-Oct-01,67.03,67.03,65.37,65.80,3995700
22-Oct-01,64.27,66.51,64.26,66.11,5894400
19-Oct-01,65.11,65.16,63.64,64.26,6823200
18-Oct-01,66.49,66.79,64.94,65.16,7105100
17-Oct-01,67.63,68.46,67.23,67.87,5127000
16-Oct-01,68.80,69.39,67.52,68.12,4522300
15-Oct-01,67.62,68.80,67.62,68.75,4071300
12-Oct-01,67.08,68.09,66.71,67.97,4826200
11-Oct-01,67.28,67.42,66.38,67.01,5280700
10-Oct-01,66.57,68.01,66.22,67.32,4011800
9-Oct-01,67.13,67.30,65.99,66.77,3557300
8-Oct-01,66.79,67.82,66.62,67.42,3508600
5-Oct-01,65.95,67.23,65.61,67.09,4709200
4-Oct-01,66.57,66.82,65.21,65.95,5397500
3-Oct-01,67.28,67.28,65.14,66.50,5802100
2-Oct-01,67.15,67.30,65.97,67.27,4496700
1-Oct-01,65.70,67.15,65.51,67.15,7876800
28-Sep-01,66.64,66.72,64.04,65.46,7548000
27-Sep-01,62.88,65.79,62.79,65.07,6569800
26-Sep-01,61.37,62.60,61.37,62.26,7702300
25-Sep-01,61.92,62.90,59.81,61.38,11876300
24-Sep-01,64.57,65.51,62.28,62.89,9768600
21-Sep-01,62.90,66.04,62.70,64.57,13284200
20-Sep-01,65.85,66.46,65.46,65.70,8044600
19-Sep-01,67.77,68.05,65.41,66.70,8629400
18-Sep-01,66.00,67.90,65.68,67.14,7291200
17-Sep-01,66.79,66.93,65.02,66.00,9095500
10-Sep-01,62.90,65.36,62.42,64.97,5481000
7-Sep-01,64.23,64.23,63.05,63.20,4841800
6-Sep-01,66.05,66.42,64.39,64.62,5013700
5-Sep-01,64.20,66.74,63.59,66.54,6475000
4-Sep-01,64.08,65.34,63.93,64.18,6248100
31-Aug-01,64.52,65.64,63.65,63.98,3913000
30-Aug-01,65.51,66.53,64.52,64.86,4199300
29-Aug-01,66.39,66.87,65.56,65.64,3191800
28-Aug-01,66.73,67.67,66.40,66.50,3300500
27-Aug-01,67.27,67.87,66.88,67.17,3129000
24-Aug-01,66.49,67.71,66.19,67.48,5270200
23-Aug-01,68.54,68.73,66.53,66.98,9349200
22-Aug-01,68.39,69.65,67.61,69.63,6562900
21-Aug-01,68.72,69.91,68.20,69.17,4364900
20-Aug-01,67.81,69.22,67.81,69.01,4615900
17-Aug-01,68.44,68.68,67.08,67.61,3634000
16-Aug-01,67.46,68.69,66.88,68.43,4797200
15-Aug-01,68.44,69.19,67.14,67.37,4782400
14-Aug-01,68.25,68.46,67.85,68.44,3544200
13-Aug-01,67.93,68.39,67.76,68.10,3561900
10-Aug-01,66.27,67.89,66.22,67.49,4286700
9-Aug-01,66.05,66.46,65.62,66.31,4936100
8-Aug-01,66.26,67.27,66.19,66.34,4171700
7-Aug-01,66.05,66.98,65.86,66.96,2903800
6-Aug-01,66.59,67.00,65.74,65.92,3235800
3-Aug-01,65.75,67.10,65.64,66.59,3390600
2-Aug-01,66.52,66.89,66.16,66.28,3400300
1-Aug-01,66.01,66.97,65.77,66.48,4656400
31-Jul-01,64.97,67.46,64.90,66.47,6632600
30-Jul-01,63.69,65.16,63.36,64.77,4130600
27-Jul-01,63.94,64.37,63.36,63.69,3899100
26-Jul-01,63.55,63.65,62.85,63.32,5494200
25-Jul-01,64.02,64.35,63.36,63.54,5272200
24-Jul-01,64.24,64.38,63.16,63.48,5038700
23-Jul-01,64.97,65.51,64.24,64.24,3993600
20-Jul-01,65.49,66.06,64.77,64.95,6522100
19-Jul-01,66.05,66.28,65.03,65.80,8691100
18-Jul-01,63.54,66.05,63.45,66.05,10954000
17-Jul-01,61.55,63.45,61.55,63.04,7713100
16-Jul-01,60.67,61.59,60.13,61.58,6697700
13-Jul-01,59.89,61.06,59.74,60.13,9289400
12-Jul-01,60.23,60.23,59.01,59.64,11270900
11-Jul-01,61.72,62.04,60.17,60.97,8745100
10-Jul-01,63.04,63.27,62.22,62.30,5490500
9-Jul-01,62.57,63.36,62.35,63.16,6742500
6-Jul-01,62.71,63.00,62.02,62.03,4055700
5-Jul-01,63.26,63.83,62.38,62.71,5762800
3-Jul-01,63.55,63.55,63.09,63.26,4054100
2-Jul-01,62.62,63.28,62.61,62.92,7144500
29-Jun-01,63.94,64.19,62.23,62.49,9993400
28-Jun-01,64.14,64.53,63.53,63.55,8371800
27-Jun-01,64.92,65.21,64.18,64.18,7618000
26-Jun-01,65.41,66.00,64.74,64.75,6711100
25-Jun-01,66.73,67.10,65.31,66.00,6802800
22-Jun-01,68.51,68.51,66.18,66.29,18831000
21-Jun-01,73.48,73.57,72.35,72.81,4115400
20-Jun-01,72.94,74.16,72.71,73.00,4442600
19-Jun-01,72.25,72.94,71.86,72.94,3738200
18-Jun-01,71.55,73.17,71.47,72.60,3745000
15-Jun-01,72.26,72.88,71.57,72.11,8055900
14-Jun-01,71.37,72.37,71.30,72.25,5095100
13-Jun-01,70.35,72.06,69.93,71.50,4806700
12-Jun-01,70.21,71.36,69.52,70.99,4832800
11-Jun-01,71.86,72.05,70.30,70.64,4324000
8-Jun-01,72.94,73.32,72.23,72.57,2120100
7-Jun-01,72.14,73.20,72.13,73.14,4012200
6-Jun-01,73.57,73.62,72.12,72.30,3011800
5-Jun-01,72.82,73.81,72.04,73.65,4177200
4-Jun-01,72.25,72.79,71.77,72.67,2500700
1-Jun-01,70.40,72.85,70.40,72.55,4834400
31-May-01,71.62,71.81,70.49,71.36,3788000
30-May-01,72.40,72.40,71.10,71.32,4971500
29-May-01,71.48,72.64,71.29,72.40,4501400
25-May-01,70.70,71.36,70.15,70.65,3575600
24-May-01,71.63,71.63,69.84,70.56,8571600
23-May-01,73.18,73.44,70.92,72.02,7309300
22-May-01,74.55,74.56,73.00,73.09,6239200
21-May-01,75.57,75.96,74.38,75.33,4978600
18-May-01,76.87,77.04,74.32,75.33,4290300
17-May-01,75.52,77.00,75.47,76.49,5287400
16-May-01,74.30,76.78,74.27,76.01,6170200
15-May-01,73.91,74.11,72.53,73.87,3841200
14-May-01,73.90,74.63,73.04,74.63,2913900
11-May-01,73.18,73.96,73.04,73.90,4981700
10-May-01,75.25,75.67,74.07,74.47,2882700
9-May-01,74.84,75.44,74.74,75.25,4001200
8-May-01,74.06,74.49,73.36,74.39,3072100
7-May-01,74.25,74.94,73.33,74.84,2829100
4-May-01,73.04,74.81,72.81,74.32,3188400
3-May-01,73.04,73.81,72.45,73.25,3755400
2-May-01,73.53,73.57,72.26,72.90,4357000
1-May-01,73.14,73.90,73.04,73.57,4646200
30-Apr-01,74.39,74.60,73.72,73.93,4446800
27-Apr-01,72.99,73.91,72.50,73.62,3980900
26-Apr-01,72.61,73.53,72.13,72.84,4575000
25-Apr-01,71.49,72.97,71.35,72.85,4465800
24-Apr-01,72.26,72.99,71.09,71.49,4865400
23-Apr-01,72.45,72.89,72.01,72.26,5852000
20-Apr-01,73.48,73.87,70.07,71.64,16101300
19-Apr-01,76.62,76.85,75.33,76.17,5396000
18-Apr-01,77.75,78.26,76.10,77.17,7827400
17-Apr-01,76.40,78.68,76.39,78.68,4757100
16-Apr-01,77.37,78.26,76.40,76.98,4368800
12-Apr-01,74.35,77.56,74.35,77.37,4808800
11-Apr-01,75.32,75.45,74.58,75.08,4830300
10-Apr-01,76.40,76.58,75.42,76.29,5908000
9-Apr-01,74.98,75.91,74.55,75.91,4423000
6-Apr-01,72.99,74.49,72.36,74.37,4687900
5-Apr-01,72.48,73.86,72.03,73.75,5105500
4-Apr-01,70.99,73.05,70.12,72.48,5091100
3-Apr-01,72.27,73.72,70.46,70.86,5946800
2-Apr-01,73.38,73.95,71.59,72.26,5063200
30-Mar-01,72.21,74.25,72.00,73.87,4633300
29-Mar-01,72.31,74.60,71.17,72.21,5395900
28-Mar-01,71.53,73.34,71.10,73.14,4856600
27-Mar-01,70.56,72.02,69.97,71.64,5639900
26-Mar-01,68.12,69.97,67.69,69.56,5351100
23-Mar-01,67.00,68.76,65.89,67.13,8551900
22-Mar-01,65.69,68.32,64.23,67.84,7424200
21-Mar-01,67.69,67.98,65.71,66.14,5762500
20-Mar-01,70.55,70.60,68.17,68.37,5297000
19-Mar-01,69.49,70.95,69.28,70.14,4700100
16-Mar-01,71.25,71.53,68.80,69.53,9553500
15-Mar-01,70.00,72.07,69.57,72.07,7524200
14-Mar-01,70.07,70.77,69.21,70.00,5597900
13-Mar-01,71.14,71.68,69.29,70.98,8717800
12-Mar-01,73.48,73.70,71.58,72.16,5024600
9-Mar-01,73.67,74.22,73.08,73.66,5024700
8-Mar-01,73.53,73.53,71.63,72.79,7748000
7-Mar-01,74.07,74.07,71.04,72.41,8060500
6-Mar-01,76.45,76.46,74.39,75.04,5382600
5-Mar-01,77.03,77.42,75.77,77.06,3372100
2-Mar-01,76.98,77.90,76.98,77.66,3483000
1-Mar-01,78.00,78.51,77.18,77.27,4571100
28-Feb-01,77.43,78.89,77.27,77.71,6320100
27-Feb-01,75.58,77.50,75.58,77.43,4129500
26-Feb-01,74.70,77.03,74.32,76.86,4205000
23-Feb-01,74.66,75.51,74.32,74.68,5132000
22-Feb-01,76.26,76.46,74.22,75.29,5187100
21-Feb-01,76.24,77.13,76.04,76.26,4273700
20-Feb-01,74.91,75.98,74.66,75.48,4336100
16-Feb-01,75.09,75.77,74.49,74.89,5762800
15-Feb-01,75.58,75.82,74.03,75.67,7836200
14-Feb-01,77.80,78.22,77.15,77.16,3760500
13-Feb-01,79.69,80.16,77.06,78.24,5801600
12-Feb-01,80.39,80.69,79.50,80.40,3809300
9-Feb-01,80.32,80.39,79.51,80.15,3921000
8-Feb-01,78.34,81.39,77.28,80.39,10004900
7-Feb-01,81.75,82.14,79.06,79.31,7800800
6-Feb-01,81.86,82.24,81.39,81.74,3598400
5-Feb-01,81.36,82.89,81.36,81.85,2997500
2-Feb-01,81.87,82.67,80.95,81.36,4246000
1-Feb-01,80.18,81.85,79.63,81.85,5037500
31-Jan-01,78.29,80.42,77.32,79.63,5963700
30-Jan-01,78.38,78.97,77.52,78.48,3670400
29-Jan-01,79.74,80.86,77.32,77.81,4093500
26-Jan-01,80.18,81.39,79.39,79.69,5292300
25-Jan-01,77.09,79.45,76.97,79.33,7299200
24-Jan-01,77.27,77.51,76.18,76.48,8412000
23-Jan-01,78.36,78.36,76.12,77.09,11432900
22-Jan-01,81.03,81.03,79.57,79.75,4398300
19-Jan-01,79.57,81.09,79.57,79.88,5380400
18-Jan-01,78.97,81.39,78.85,80.30,5191200
17-Jan-01,80.42,80.72,78.48,78.73,6459000
16-Jan-01,78.85,81.81,78.00,80.72,5500900
12-Jan-01,79.33,80.72,78.48,78.91,5038600
11-Jan-01,80.91,81.03,78.36,79.09,6659900
10-Jan-01,81.45,82.18,79.51,80.60,6172900
9-Jan-01,81.33,82.36,80.48,81.39,6097100
8-Jan-01,81.39,81.87,80.12,80.91,4907600
5-Jan-01,82.36,83.15,80.54,80.72,9350500
4-Jan-01,85.69,85.81,81.15,82.36,18325900
3-Jan-01,89.93,90.11,85.39,86.36,9836000
2-Jan-01,90.47,92.29,89.63,90.11,6042900
29-Dec-00,92.05,92.96,90.53,90.72,3737100
28-Dec-00,90.72,91.81,90.53,91.81,3131600
27-Dec-00,89.87,91.75,89.75,89.81,5028300
26-Dec-00,88.05,90.35,87.63,89.81,3636300
22-Dec-00,89.99,89.99,87.45,87.69,4879400
21-Dec-00,90.11,90.72,88.17,89.63,7347300
20-Dec-00,90.11,92.17,89.56,90.47,9651900
19-Dec-00,85.39,89.44,85.39,88.66,5052700
18-Dec-00,87.20,87.63,86.05,86.54,4996300
15-Dec-00,88.17,89.14,87.08,87.57,10666400
14-Dec-00,88.47,88.90,87.87,88.17,3592100
13-Dec-00,88.05,89.38,87.99,89.14,7350100
12-Dec-00,87.87,88.72,87.69,88.54,6060400
11-Dec-00,87.20,88.54,87.02,87.81,4883300
8-Dec-00,87.20,88.41,85.93,86.78,6691800
7-Dec-00,87.69,88.60,86.60,88.23,4312600
6-Dec-00,86.36,87.69,85.75,86.78,5764200
5-Dec-00,89.29,89.29,85.37,86.87,7899400
4-Dec-00,85.43,89.71,85.43,88.74,6137100
1-Dec-00,88.32,88.86,86.03,87.48,7578800
30-Nov-00,92.42,93.33,89.05,89.47,9125500
29-Nov-00,89.77,91.88,89.77,91.58,8328000
28-Nov-00,88.74,89.71,88.14,89.41,5120300
27-Nov-00,86.69,89.11,85.97,88.44,5364400
24-Nov-00,86.75,88.20,86.03,86.33,2006800
22-Nov-00,87.48,88.62,85.67,87.54,6729600
21-Nov-00,87.78,88.99,87.60,88.80,5417200
20-Nov-00,85.00,87.96,84.94,87.24,6155800
17-Nov-00,86.51,87.78,84.34,85.43,7215200
16-Nov-00,88.38,89.17,86.45,87.05,4490200
15-Nov-00,87.60,88.99,87.24,88.44,6268700
14-Nov-00,85.61,88.56,85.24,87.90,7130400
13-Nov-00,87.12,87.78,85.18,86.27,9134800
10-Nov-00,86.81,89.53,86.75,88.32,6673100
9-Nov-00,87.36,87.78,84.94,87.30,8412600
8-Nov-00,85.91,88.50,85.91,87.66,12553800
7-Nov-00,86.39,87.12,83.80,83.86,6510500
6-Nov-00,83.74,87.36,83.74,86.87,7496000
3-Nov-00,84.94,85.31,83.31,84.82,7044500
2-Nov-00,86.09,86.21,84.82,86.03,6408500
1-Nov-00,86.87,87.78,85.73,86.63,9153000
31-Oct-00,85.61,86.87,84.40,86.81,8822300
30-Oct-00,84.58,86.87,84.34,85.61,8892300
27-Oct-00,82.95,84.94,82.65,84.94,8453700
26-Oct-00,83.43,84.46,82.77,83.68,6974000
25-Oct-00,82.05,84.34,81.69,84.28,8382500
24-Oct-00,81.14,82.53,81.08,82.47,6955900
23-Oct-00,80.36,82.53,80.00,81.81,11675400
20-Oct-00,76.80,79.15,75.83,79.03,11682300
19-Oct-00,74.51,75.17,73.60,74.87,5114600
18-Oct-00,75.11,75.65,73.48,75.47,5852600
17-Oct-00,73.30,75.47,73.30,75.47,5348300
16-Oct-00,72.88,74.39,72.70,74.20,4286100
13-Oct-00,74.45,74.45,72.21,73.54,5299300
12-Oct-00,73.84,74.99,72.94,74.51,6409700
11-Oct-00,74.33,75.11,73.42,73.84,5655100
10-Oct-00,72.88,74.99,72.88,74.20,6121300
9-Oct-00,73.60,74.02,71.85,72.70,4131200
6-Oct-00,72.39,73.60,71.07,73.42,4797500
5-Oct-00,71.55,72.76,71.55,72.70,4273600
4-Oct-00,72.27,72.39,70.95,71.01,5067900
3-Oct-00,71.85,71.91,70.34,71.43,4873600
2-Oct-00,71.73,72.03,71.01,71.43,4408700
29-Sep-00,71.43,72.27,71.37,71.85,5181300
28-Sep-00,70.10,71.31,70.10,70.58,5549300
27-Sep-00,68.41,70.46,67.75,70.34,4091000
26-Sep-00,68.90,69.38,67.81,67.81,4353900
25-Sep-00,70.10,70.65,69.56,69.74,3997700
22-Sep-00,69.14,70.83,69.02,70.65,6371400
21-Sep-00,65.64,67.87,65.52,67.69,4322300
20-Sep-00,66.42,66.48,64.55,65.53,3723100
19-Sep-00,65.10,66.48,64.67,65.94,3270300
18-Sep-00,64.85,65.40,64.67,64.79,2419500
15-Sep-00,64.91,65.76,64.43,64.85,5327000
14-Sep-00,65.70,65.88,64.31,65.22,3125900
13-Sep-00,65.76,66.60,65.28,65.95,3446400
12-Sep-00,65.28,65.82,64.79,65.35,2940300
11-Sep-00,65.16,65.94,64.97,65.58,2633100
8-Sep-00,64.91,66.12,64.07,65.19,4810400
7-Sep-00,62.98,65.28,62.74,64.91,5074700
6-Sep-00,65.28,65.70,63.04,63.71,4766500
5-Sep-00,64.67,66.06,63.71,64.81,5885200
1-Sep-00,66.66,67.69,66.66,66.78,3626500
31-Aug-00,68.53,69.62,67.45,67.46,5251100
30-Aug-00,68.11,68.96,67.57,68.65,3018700
29-Aug-00,69.65,69.65,67.91,68.39,2973600
28-Aug-00,70.01,70.79,69.53,69.62,2862000
25-Aug-00,69.65,70.25,69.29,70.07,2468600
24-Aug-00,69.29,70.25,68.51,69.65,2691500
23-Aug-00,69.65,70.43,68.99,69.41,3119100
22-Aug-00,69.17,70.13,68.93,69.65,2758100
21-Aug-00,68.57,70.01,68.57,69.05,2341000
18-Aug-00,70.31,70.43,68.69,69.17,4057600
17-Aug-00,70.61,71.45,70.25,71.03,2645700
16-Aug-00,70.43,71.39,70.37,70.73,2228400
15-Aug-00,70.37,70.73,69.65,70.37,2990400
14-Aug-00,69.53,70.25,69.41,69.98,2343800
11-Aug-00,68.51,70.25,68.51,69.56,2850500
10-Aug-00,68.15,69.23,67.67,68.66,4293200
9-Aug-00,68.57,70.49,67.25,67.79,6206800
8-Aug-00,69.83,70.55,68.87,69.51,4049400
7-Aug-00,70.85,70.85,69.89,70.16,3865100
4-Aug-00,71.21,71.45,70.19,70.91,3145200
3-Aug-00,72.17,72.47,71.57,72.26,4325300
2-Aug-00,71.33,72.29,70.73,72.05,4514400
1-Aug-00,68.33,71.33,68.33,71.18,4608200
31-Jul-00,69.23,69.47,67.55,68.84,3736900
28-Jul-00,70.13,70.25,69.59,69.92,4158900
27-Jul-00,67.97,69.89,67.25,69.50,4029000
26-Jul-00,68.57,68.87,67.01,67.25,5834000
25-Jul-00,66.71,69.05,66.17,68.12,10830900
24-Jul-00,64.12,67.37,63.88,66.83,13724200
21-Jul-00,61.66,62.14,60.52,61.24,7748900
20-Jul-00,62.50,62.56,61.36,61.54,5513400
19-Jul-00,63.58,64.12,62.47,62.68,6582000
18-Jul-00,64.60,64.96,63.46,63.76,6626900
17-Jul-00,64.36,65.80,64.12,64.72,10377900
14-Jul-00,66.35,66.77,63.88,64.60,8261700
13-Jul-00,70.43,70.43,66.29,66.41,8088900
12-Jul-00,71.33,71.45,69.47,70.50,3692500
11-Jul-00,71.93,72.89,70.61,71.75,4470900
10-Jul-00,71.33,71.93,70.97,71.93,3827600
7-Jul-00,72.41,72.53,71.03,71.45,3898600
6-Jul-00,73.49,73.61,71.99,72.41,4545700
5-Jul-00,73.85,74.33,73.31,74.15,4719900
3-Jul-00,73.07,73.67,72.41,73.46,2938400
30-Jun-00,71.21,73.72,70.37,73.61,7208800
29-Jun-00,71.87,72.29,71.09,71.19,5105100
28-Jun-00,71.03,71.45,70.67,71.09,3165400
27-Jun-00,71.69,71.93,70.55,71.33,5985400
26-Jun-00,70.37,71.33,70.07,71.33,5238800
23-Jun-00,69.53,69.77,68.69,69.77,4486300
22-Jun-00,68.81,69.47,68.21,68.45,3637800
21-Jun-00,67.97,69.59,67.55,69.59,3946900
20-Jun-00,69.23,69.23,67.55,68.09,3474700
19-Jun-00,68.69,69.89,68.09,69.23,3294600
16-Jun-00,69.71,70.43,68.21,68.21,10571300
15-Jun-00,70.13,70.85,69.65,69.95,3750800
14-Jun-00,70.79,71.39,69.17,70.07,5639500
13-Jun-00,67.85,70.97,67.73,70.55,4218500
12-Jun-00,67.37,68.93,67.07,67.19,2606800
9-Jun-00,66.59,67.49,66.17,67.13,2714100
8-Jun-00,67.73,67.79,66.41,66.59,2422000
7-Jun-00,67.19,68.69,67.13,67.73,2676800
6-Jun-00,66.65,67.43,66.04,66.86,3271900
5-Jun-00,66.29,67.67,65.98,66.47,4437200
2-Jun-00,69.47,69.47,66.11,66.23,6217900
1-Jun-00,71.15,72.23,69.41,69.59,3847700
31-May-00,71.27,71.99,70.91,71.69,2828500
30-May-00,70.93,71.89,70.51,71.77,4346300
26-May-00,71.41,72.13,70.81,71.35,3418700
25-May-00,70.99,71.83,70.22,71.47,4494300
24-May-00,70.81,71.77,70.16,71.41,7152900
23-May-00,70.33,70.63,69.50,70.63,4847300
22-May-00,68.90,70.45,68.60,69.20,6281600
19-May-00,66.21,69.80,66.21,69.32,7055400
18-May-00,66.75,67.64,66.75,66.93,2850500
17-May-00,67.46,68.30,66.63,66.81,3357300
16-May-00,66.63,68.42,66.03,67.94,5115600
15-May-00,65.31,66.93,64.59,66.63,3196300
12-May-00,65.37,65.97,64.41,65.19,3040900
11-May-00,65.31,65.73,64.17,65.31,4024700
10-May-00,65.73,65.79,63.88,65.07,4246100
9-May-00,66.99,67.05,65.73,65.97,3683400
8-May-00,66.93,67.46,66.03,66.87,4279300
5-May-00,64.00,66.93,63.88,66.27,3657300
4-May-00,65.61,65.67,64.11,64.29,3406500
