Date,Open,High,Low,Close,Volume
2-Aug-02,47.20,47.40,45.19,46.10,9885400
1-Aug-02,49.00,49.17,46.82,47.40,12829500
31-Jul-02,49.30,49.30,47.35,49.18,12722700
30-Jul-02,49.02,49.70,48.50,49.12,10102200
29-Jul-02,48.19,49.65,47.60,49.53,10985500
26-Jul-02,47.00,48.25,46.00,48.18,9082900
25-Jul-02,47.70,48.07,45.00,47.00,14451900
24-Jul-02,44.30,48.12,43.72,47.94,18988100
23-Jul-02,45.00,46.90,44.75,45.10,15287400
22-Jul-02,46.25,47.21,43.99,44.60,16834200
19-Jul-02,47.20,47.70,45.61,46.50,13179300
18-Jul-02,48.40,49.54,47.40,47.41,12019700
17-Jul-02,51.00,51.49,47.50,48.25,18751100
16-Jul-02,52.25,52.57,49.88,49.88,14497700
15-Jul-02,52.40,53.48,50.10,53.44,12703700
12-Jul-02,53.93,54.10,52.59,52.85,8919300
11-Jul-02,53.77,54.99,53.00,54.18,12871600
10-Jul-02,54.75,55.60,53.55,53.76,8964200
9-Jul-02,55.66,56.07,54.48,54.65,8035500
8-Jul-02,56.15,56.70,55.18,55.60,7639800
5-Jul-02,55.45,56.01,55.23,56.00,3217700
3-Jul-02,53.30,55.10,53.30,55.04,7243200
2-Jul-02,54.41,54.93,53.30,53.42,10192500
1-Jul-02,55.30,55.83,54.40,54.40,10183200
28-Jun-02,57.00,57.78,55.01,55.01,15398900
26-Jun-02,54.30,56.50,53.75,55.62,10912100
25-Jun-02,56.00,57.22,55.02,55.10,8646500
24-Jun-02,55.05,56.35,54.23,55.75,10988900
21-Jun-02,55.50,56.50,54.90,54.98,15090200
20-Jun-02,57.35,57.90,56.20,56.50,7163900
19-Jun-02,58.00,58.75,56.98,57.41,7595400
18-Jun-02,58.24,58.80,57.84,58.47,6997100
17-Jun-02,57.03,58.37,56.63,58.24,8631800
14-Jun-02,56.38,56.96,55.18,56.88,10511400
13-Jun-02,57.68,57.69,56.20,56.43,9523000
12-Jun-02,56.48,58.23,56.17,58.23,10561800
11-Jun-02,56.78,57.56,56.31,56.38,11423700
10-Jun-02,55.03,56.51,54.99,56.33,8559100
7-Jun-02,53.78,54.65,53.69,54.36,7928900
6-Jun-02,54.90,54.91,53.93,54.03,7554600
5-Jun-02,54.88,55.70,54.45,54.89,10080900
4-Jun-02,52.93,53.93,51.93,53.93,13781900
3-Jun-02,54.11,54.60,52.88,53.08,8180000
31-May-02,54.83,55.51,53.93,54.03,11707200
30-May-02,54.03,54.78,53.68,53.92,8196300
29-May-02,54.83,55.59,54.46,54.46,5427400
28-May-02,55.33,55.56,53.86,54.72,6920300
24-May-02,56.49,56.87,55.44,55.45,5011100
23-May-02,56.43,56.69,55.72,56.24,5915900
22-May-02,56.63,56.73,55.63,56.73,6026900
21-May-02,57.83,58.05,56.53,56.53,6376800
20-May-02,58.67,58.74,57.63,57.73,5031900
17-May-02,58.28,59.22,57.89,58.26,7547100
16-May-02,57.58,58.61,57.37,58.28,8016000
15-May-02,57.57,58.12,56.57,56.70,10467000
14-May-02,57.43,58.18,56.98,57.32,12505700
13-May-02,53.77,55.21,53.77,54.97,6421700
10-May-02,55.17,55.19,53.54,53.59,7436000
9-May-02,55.58,55.68,53.65,54.92,11840200
8-May-02,56.18,56.42,55.61,56.32,8317600
7-May-02,54.55,55.43,53.93,54.94,8965100
6-May-02,55.54,56.06,53.88,53.92,7980500
3-May-02,56.38,56.41,55.01,55.18,7821600
2-May-02,56.68,57.18,56.11,56.58,7659000
1-May-02,55.53,56.73,54.75,56.73,8589100
30-Apr-02,56.03,56.52,55.39,55.79,10411000
29-Apr-02,55.83,57.33,55.73,56.13,10053400
26-Apr-02,57.18,57.23,55.71,55.73,10036100
25-Apr-02,56.73,57.04,56.16,56.93,7330800
24-Apr-02,57.83,58.56,57.25,57.38,6527500
23-Apr-02,57.78,58.37,57.55,57.98,6917900
22-Apr-02,58.85,59.02,56.93,57.48,6438900
19-Apr-02,58.72,59.02,58.07,58.85,5848200
18-Apr-02,58.47,59.34,56.67,58.08,11727300
17-Apr-02,60.47,60.47,58.57,59.21,9141200
16-Apr-02,60.12,60.63,59.52,59.92,7013800
15-Apr-02,60.97,61.19,59.44,59.85,5770000
12-Apr-02,60.62,61.77,60.21,61.15,6488900
11-Apr-02,60.57,61.73,59.93,60.09,8567000
10-Apr-02,60.17,60.62,59.79,60.49,7116000
9-Apr-02,60.02,60.37,59.82,60.02,6229800
8-Apr-02,58.92,59.87,58.44,59.70,6139300
5-Apr-02,59.15,59.67,58.70,59.06,5321600
4-Apr-02,58.72,59.52,58.64,59.20,6853300
3-Apr-02,59.32,59.72,57.68,58.52,8932800
2-Apr-02,59.42,59.43,58.67,58.85,7788800
1-Apr-02,60.27,60.28,58.54,59.48,13248900
28-Mar-02,61.93,62.09,61.20,61.22,5830000
27-Mar-02,61.97,62.22,61.54,61.92,6930800
26-Mar-02,61.27,62.31,61.27,62.09,6183500
25-Mar-02,61.77,62.10,61.20,61.20,5917900
22-Mar-02,62.12,62.16,61.49,61.97,5499200
21-Mar-02,62.87,63.11,61.87,62.12,5802400
20-Mar-02,62.87,63.36,62.85,63.10,7102100
19-Mar-02,63.54,63.68,62.88,63.30,5544900
18-Mar-02,63.76,63.78,62.55,63.39,6358800
15-Mar-02,62.53,63.59,62.30,63.59,13302500
14-Mar-02,61.80,62.44,61.76,62.12,5020200
13-Mar-02,61.60,61.94,61.15,61.84,6178300
12-Mar-02,61.75,62.25,61.74,62.08,6980900
11-Mar-02,62.66,62.66,61.88,62.38,6698200
8-Mar-02,62.03,62.75,61.85,62.37,10461200
7-Mar-02,61.35,61.80,60.84,61.55,9292400
6-Mar-02,60.82,61.33,60.15,60.75,10196200
5-Mar-02,62.17,62.44,60.40,60.61,12356700
4-Mar-02,62.80,62.92,62.03,62.83,8167600
1-Mar-02,62.05,62.66,61.91,62.66,7519600
28-Feb-02,62.55,62.73,61.39,61.86,11995700
27-Feb-02,62.45,62.70,61.60,62.10,12977300
26-Feb-02,60.65,62.13,60.30,61.95,11650400
25-Feb-02,60.05,60.60,59.91,60.50,8342500
22-Feb-02,59.50,59.80,58.46,59.80,7603200
21-Feb-02,60.00,60.72,59.24,59.40,7339600
20-Feb-02,59.22,60.05,58.66,59.87,8194100
19-Feb-02,59.25,60.03,59.05,59.14,9060600
15-Feb-02,60.34,60.44,59.75,59.88,7257600
14-Feb-02,60.20,60.44,59.78,60.34,5986000
13-Feb-02,60.15,60.57,59.73,59.97,6399600
12-Feb-02,59.70,60.20,59.65,59.95,5323600
11-Feb-02,59.34,60.15,59.23,60.10,8501000
8-Feb-02,58.25,59.00,57.96,59.00,6378800
7-Feb-02,59.00,59.60,58.20,58.25,8419300
6-Feb-02,58.56,59.10,58.27,58.74,6421200
5-Feb-02,58.89,59.35,58.31,58.66,6626800
4-Feb-02,59.43,59.75,58.51,58.76,6514600
1-Feb-02,59.55,59.75,58.61,59.11,6697000
31-Jan-02,59.45,59.83,58.95,59.83,6861200
30-Jan-02,57.66,59.80,57.61,59.60,10006100
29-Jan-02,58.93,59.33,57.77,57.77,7373900
28-Jan-02,58.56,59.03,58.18,58.49,5142700
25-Jan-02,59.21,59.33,57.92,58.26,7322100
24-Jan-02,59.71,59.80,59.15,59.52,7984100
23-Jan-02,58.26,59.80,58.08,59.71,10682200
22-Jan-02,56.98,58.56,56.97,57.87,9990000
18-Jan-02,56.41,56.75,55.83,56.21,7007400
17-Jan-02,55.71,57.08,55.56,56.62,7796500
16-Jan-02,56.73,56.73,55.36,55.85,5506400
15-Jan-02,55.62,56.76,55.17,56.73,8086100
14-Jan-02,55.66,56.76,55.62,55.62,6713800
11-Jan-02,56.51,56.60,55.39,55.66,7271300
10-Jan-02,56.26,57.21,56.12,56.86,6466400
9-Jan-02,57.01,57.39,56.05,56.26,7575800
8-Jan-02,57.55,57.86,57.19,57.70,4370200
7-Jan-02,57.31,57.96,57.07,57.25,5360400
4-Jan-02,57.52,58.12,57.06,57.46,6679700
3-Jan-02,57.81,58.16,57.36,57.84,5957300
2-Jan-02,57.51,58.01,56.85,57.91,6677900
31-Dec-01,57.96,58.34,57.41,57.41,5134700
28-Dec-01,58.21,58.60,58.00,58.21,4343400
27-Dec-01,57.96,58.46,57.63,58.23,4822200
26-Dec-01,57.61,58.43,57.57,58.01,6638900
24-Dec-01,57.38,57.56,56.99,56.99,2031400
21-Dec-01,56.70,57.44,56.39,57.43,13126800
20-Dec-01,56.19,57.00,56.06,56.12,7845000
19-Dec-01,55.54,56.36,55.21,56.14,8212100
18-Dec-01,55.70,55.89,55.21,55.57,8798500
17-Dec-01,53.95,55.64,53.68,55.64,8463200
14-Dec-01,53.50,54.21,52.83,53.86,6015900
13-Dec-01,53.88,53.89,52.90,53.16,7847100
12-Dec-01,53.82,54.50,53.30,54.13,5772300
11-Dec-01,53.92,54.60,53.31,53.88,6097600
10-Dec-01,54.90,55.19,54.07,54.07,5293400
7-Dec-01,55.01,55.39,54.55,55.13,4602400
6-Dec-01,55.74,55.78,55.20,55.41,7044300
5-Dec-01,54.97,56.36,54.74,56.36,9031700
4-Dec-01,54.20,54.97,54.00,54.97,6865500
3-Dec-01,54.86,55.02,53.98,54.38,7615500
30-Nov-01,54.80,55.69,54.70,54.95,8414300
29-Nov-01,54.90,55.08,54.30,54.45,5727700
28-Nov-01,54.70,55.55,54.28,54.80,7469400
27-Nov-01,55.34,55.60,54.63,54.88,9664100
26-Nov-01,55.49,55.81,55.10,55.54,7702400
23-Nov-01,54.87,55.64,54.86,55.59,2307000
21-Nov-01,55.31,55.40,54.64,54.92,4989500
20-Nov-01,55.49,55.77,54.91,55.49,6336400
19-Nov-01,54.40,55.65,54.40,55.54,7963900
16-Nov-01,55.79,55.79,54.45,54.90,10558400
15-Nov-01,55.37,56.03,55.07,55.79,8452000
14-Nov-01,55.39,55.59,54.85,55.07,9589300
13-Nov-01,55.69,55.74,54.05,54.06,10522000
12-Nov-01,54.35,55.47,53.80,55.37,6500700
9-Nov-01,54.35,55.04,53.69,54.90,5045700
8-Nov-01,54.40,55.19,53.79,54.30,8584100
7-Nov-01,54.65,54.79,53.20,53.62,8222400
6-Nov-01,53.85,54.90,53.45,54.74,8781200
5-Nov-01,52.95,54.10,52.20,53.70,6841200
2-Nov-01,51.61,52.98,51.57,52.77,5794300
1-Nov-01,51.01,52.75,50.67,52.05,8601900
31-Oct-01,50.51,52.13,50.46,51.21,7034600
30-Oct-01,51.31,51.56,50.17,50.41,7094900
29-Oct-01,52.70,52.86,51.52,51.71,6024800
26-Oct-01,52.95,53.62,52.31,53.22,5123700
25-Oct-01,51.61,53.10,51.32,53.10,6892800
24-Oct-01,52.77,52.99,52.24,52.29,5230800
23-Oct-01,52.84,53.35,51.96,52.41,6188400
22-Oct-01,52.60,53.40,51.89,52.84,6544200
19-Oct-01,51.96,52.87,51.41,52.81,6044500
18-Oct-01,52.14,52.60,51.23,51.71,7829100
17-Oct-01,53.05,53.54,51.96,52.03,6638500
16-Oct-01,53.28,53.80,52.31,52.94,6767600
15-Oct-01,52.42,53.28,52.22,53.28,6259700
12-Oct-01,52.65,52.80,51.61,52.70,10740100
11-Oct-01,53.75,54.55,52.65,53.29,12260600
10-Oct-01,52.14,53.50,52.01,53.43,9481900
9-Oct-01,51.31,52.01,50.81,51.89,8068400
8-Oct-01,52.22,52.22,50.77,50.92,6702000
5-Oct-01,51.33,52.21,50.81,52.21,9463200
4-Oct-01,52.60,52.75,51.23,51.31,10199000
3-Oct-01,51.70,53.27,51.31,52.53,13951800
2-Oct-01,49.86,51.81,49.62,51.41,11404200
1-Oct-01,49.32,49.86,47.96,49.58,11988600
28-Sep-01,49.27,49.76,48.63,49.32,9560200
27-Sep-01,49.30,49.51,47.93,49.21,9247000
26-Sep-01,49.17,49.30,48.44,49.30,12116300
25-Sep-01,48.02,48.92,47.87,48.22,15973800
24-Sep-01,46.33,47.80,45.84,47.10,13901700
21-Sep-01,43.99,45.78,43.74,44.49,16443600
20-Sep-01,45.18,45.77,44.84,45.14,12656400
19-Sep-01,45.11,45.91,44.03,45.28,11716600
18-Sep-01,44.76,46.11,43.93,45.11,10510300
17-Sep-01,43.77,45.86,41.78,43.77,17501800
10-Sep-01,45.26,46.75,44.80,45.99,6726900
7-Sep-01,46.65,46.65,44.88,45.98,10431700
6-Sep-01,48.69,49.40,46.75,47.12,10383500
5-Sep-01,48.07,49.09,46.75,48.89,9833200
4-Sep-01,47.98,49.62,47.96,48.20,7324700
31-Aug-01,47.45,48.74,47.45,47.80,7555100
30-Aug-01,48.84,49.21,46.99,47.35,9639000
29-Aug-01,49.79,50.16,48.77,48.89,5440500
28-Aug-01,49.64,49.94,49.44,49.84,6149700
27-Aug-01,50.93,51.23,50.13,50.13,4675000
24-Aug-01,49.39,50.73,49.39,50.68,7268400
23-Aug-01,49.79,50.17,49.24,49.48,5545200
22-Aug-01,49.75,50.27,49.25,49.98,5818100
21-Aug-01,51.13,51.35,49.62,49.68,6542700
20-Aug-01,51.03,51.35,50.53,51.32,4349000
17-Aug-01,51.23,51.23,49.84,50.53,5901700
16-Aug-01,51.25,51.93,50.40,51.42,6205200
15-Aug-01,52.05,52.64,51.55,51.73,6033000
14-Aug-01,50.98,52.42,50.86,52.09,10067600
13-Aug-01,53.27,53.49,51.53,51.93,10140400
10-Aug-01,53.67,53.72,52.22,53.32,8245600
9-Aug-01,54.13,54.50,53.02,53.89,8539200
8-Aug-01,54.31,55.58,54.11,54.24,6387000
7-Aug-01,54.39,54.99,53.87,54.79,5155500
6-Aug-01,55.29,55.29,53.78,54.21,5712600
3-Aug-01,55.61,55.68,54.76,55.10,4170000
2-Aug-01,55.15,55.86,54.76,55.70,5746300
1-Aug-01,55.11,56.47,54.66,54.72,6168500
31-Jul-01,55.23,56.20,55.11,55.61,7725600
30-Jul-01,55.71,55.76,53.91,55.59,7168200
27-Jul-01,55.46,55.71,54.72,55.12,5169300
26-Jul-01,54.81,55.22,53.90,55.21,8425900
25-Jul-01,52.82,54.81,52.45,54.81,9512400
24-Jul-01,52.77,52.92,52.22,52.82,6075300
23-Jul-01,53.62,53.99,52.57,52.75,5361100
20-Jul-01,53.72,54.30,53.62,53.99,5894900
19-Jul-01,53.70,54.21,53.53,53.95,8230700
18-Jul-01,52.59,53.70,52.25,53.70,7180300
17-Jul-01,53.56,53.57,52.66,53.07,8785400
16-Jul-01,53.12,53.77,52.83,53.20,11402300
13-Jul-01,51.58,52.95,50.86,52.62,9845500
12-Jul-01,50.28,51.58,49.69,51.58,11705100
11-Jul-01,47.90,49.14,47.37,48.59,7910500
10-Jul-01,48.25,48.41,47.13,47.25,6461600
9-Jul-01,47.23,48.15,46.80,48.00,6081800
6-Jul-01,48.30,48.31,46.46,47.09,6664200
5-Jul-01,49.09,49.12,48.20,48.34,5132100
3-Jul-01,49.44,49.44,48.68,48.96,3803700
2-Jul-01,48.69,49.53,48.39,49.49,5491200
29-Jun-01,48.87,50.22,48.34,48.54,9306500
28-Jun-01,48.69,49.53,48.69,49.11,5013700
27-Jun-01,48.76,49.46,48.15,48.25,5127100
26-Jun-01,48.30,49.54,48.28,48.84,6020100
25-Jun-01,50.28,50.28,48.54,48.74,5707400
22-Jun-01,50.41,50.48,49.19,49.72,4833700
21-Jun-01,49.04,50.90,49.04,50.19,8943800
20-Jun-01,48.94,49.64,48.72,49.54,5913000
19-Jun-01,49.14,49.16,48.31,48.53,5176800
18-Jun-01,48.47,49.26,48.03,48.20,7122900
15-Jun-01,49.07,49.40,47.68,47.83,14394400
14-Jun-01,49.57,50.02,49.07,49.17,4554600
13-Jun-01,50.26,50.26,49.73,49.82,3523500
12-Jun-01,49.69,50.63,49.28,50.23,4469200
11-Jun-01,50.61,50.76,49.83,49.89,3233500
8-Jun-01,50.66,50.93,50.41,50.68,3787500
7-Jun-01,49.74,51.01,49.74,50.76,6110300
6-Jun-01,50.96,51.36,50.36,50.41,4193700
5-Jun-01,50.40,51.30,50.35,50.96,5164000
4-Jun-01,51.21,51.45,50.16,50.65,5619900
1-Jun-01,51.20,52.10,51.11,51.37,4155100
31-May-01,51.75,52.25,50.93,51.40,5880700
30-May-01,50.88,51.85,50.78,51.13,5969800
29-May-01,51.60,51.60,50.69,50.87,5000600
25-May-01,52.63,52.65,50.86,50.86,5176200
24-May-01,52.00,52.88,51.80,52.54,4524500
23-May-01,52.94,53.52,51.86,52.17,5566100
22-May-01,52.85,53.34,52.55,53.16,6793700
21-May-01,51.69,52.94,51.22,52.84,7752900
18-May-01,51.60,51.69,51.07,51.69,5860900
17-May-01,51.60,51.87,50.96,51.41,6539500
16-May-01,50.86,51.77,50.66,51.31,9604400
15-May-01,53.99,53.99,51.65,51.65,13411700
14-May-01,53.74,54.38,53.48,53.99,4800300
11-May-01,53.61,54.10,52.99,53.74,6529600
10-May-01,52.94,53.34,52.85,53.06,8215200
9-May-01,51.70,51.85,50.96,51.25,5444300
8-May-01,51.40,51.64,50.80,51.63,4437600
7-May-01,52.05,52.59,51.50,51.70,4717000
4-May-01,51.95,53.34,51.66,52.67,7445400
3-May-01,51.95,53.09,51.68,52.75,7590700
2-May-01,53.09,53.09,51.93,52.73,7689800
1-May-01,51.37,53.19,51.06,53.14,7619000
30-Apr-01,52.94,52.94,50.88,51.39,6597800
27-Apr-01,51.75,52.84,51.55,52.48,7764200
26-Apr-01,50.66,51.26,50.21,50.90,5189400
25-Apr-01,50.76,50.76,49.70,50.33,5408400
24-Apr-01,50.41,50.75,49.72,49.77,8175500
23-Apr-01,51.70,52.35,51.31,51.69,5482800
20-Apr-01,52.14,52.15,51.06,51.36,7266900
19-Apr-01,51.38,52.37,51.35,52.15,7043000
18-Apr-01,49.62,52.59,49.30,52.38,12996900
17-Apr-01,48.58,49.11,48.19,48.91,6450800
16-Apr-01,49.37,49.88,48.38,48.72,6754500
12-Apr-01,48.42,49.37,47.09,49.37,9872800
11-Apr-01,49.77,50.36,48.93,49.89,6950300
10-Apr-01,50.81,51.30,50.43,50.50,6986500
9-Apr-01,51.21,51.44,49.47,49.96,7287300
6-Apr-01,49.67,50.98,49.18,50.90,7634400
5-Apr-01,50.21,50.35,49.68,50.20,7790000
4-Apr-01,48.39,50.06,48.37,49.54,7962100
3-Apr-01,50.51,50.66,48.44,48.86,8692100
2-Apr-01,49.67,50.64,49.17,50.30,7437900
30-Mar-01,50.76,50.90,49.17,50.16,8308400
29-Mar-01,49.52,50.31,48.10,50.28,7754000
28-Mar-01,49.67,49.80,47.98,49.33,6875900
27-Mar-01,49.27,50.06,48.82,49.95,9784800
26-Mar-01,48.57,49.47,47.98,49.27,6841800
23-Mar-01,45.54,47.59,44.90,47.25,8282000
22-Mar-01,46.93,47.08,45.60,46.60,11913900
21-Mar-01,47.48,49.44,46.96,47.99,8326900
20-Mar-01,46.97,49.08,46.97,47.49,10035600
19-Mar-01,46.61,47.31,46.32,46.99,5855800
16-Mar-01,47.46,47.46,46.18,46.55,13859800
15-Mar-01,46.97,48.10,46.18,47.46,7509700
14-Mar-01,46.72,47.58,46.15,46.82,8548900
13-Mar-01,48.60,48.90,46.63,48.40,7959100
12-Mar-01,49.84,49.84,47.71,47.92,5740200
9-Mar-01,51.38,51.38,49.69,50.37,5566500
8-Mar-01,51.48,51.48,50.37,51.23,6034400
7-Mar-01,49.64,50.54,49.51,50.29,5419900
6-Mar-01,49.10,49.55,48.50,49.15,5096800
5-Mar-01,48.54,49.14,47.61,47.98,4568100
2-Mar-01,47.60,49.29,47.11,48.52,6472400
1-Mar-01,48.85,49.46,47.61,47.95,8692800
28-Feb-01,50.82,50.88,48.64,49.68,7748200
27-Feb-01,51.18,51.43,49.12,50.58,7047400
26-Feb-01,50.52,50.95,50.04,50.65,6060200
23-Feb-01,49.59,50.39,47.66,49.87,8081600
22-Feb-01,50.59,50.59,48.55,49.30,9154300
21-Feb-01,52.12,52.53,49.64,49.80,8164200
20-Feb-01,51.78,53.85,51.58,52.97,9336500
16-Feb-01,51.38,52.87,51.14,51.93,6659400
15-Feb-01,52.92,53.02,51.23,51.58,7636600
14-Feb-01,53.91,53.91,52.57,52.57,5095000
13-Feb-01,52.62,54.03,51.61,53.66,7423200
12-Feb-01,50.59,53.05,50.55,53.02,7287500
9-Feb-01,51.88,52.92,49.82,49.99,7911400
8-Feb-01,54.11,54.35,51.14,51.87,7967800
7-Feb-01,52.78,54.26,52.77,54.22,4928400
6-Feb-01,52.97,54.05,52.42,52.77,5394000
5-Feb-01,54.55,54.77,52.87,53.40,5604200
2-Feb-01,55.52,55.53,53.71,54.31,5065000
1-Feb-01,56.34,56.34,54.03,55.25,10385300
31-Jan-01,53.76,56.54,53.60,56.34,10848100
30-Jan-01,53.77,53.81,52.73,53.33,5124200
29-Jan-01,53.26,54.21,53.26,53.76,5114200
26-Jan-01,54.49,54.49,52.63,53.19,5230900
25-Jan-01,53.50,55.67,52.51,53.56,9057000
24-Jan-01,53.00,53.19,51.89,53.07,7789400
23-Jan-01,52.57,53.50,52.14,52.94,4917800
22-Jan-01,51.76,53.25,51.58,52.14,7805700
19-Jan-01,51.64,52.26,50.03,50.40,8963300
18-Jan-01,53.00,54.06,52.51,52.63,6877900
17-Jan-01,54.12,54.18,53.13,53.50,7814700
16-Jan-01,53.00,54.37,52.76,54.24,8331600
12-Jan-01,51.58,53.31,51.21,52.51,7322000
11-Jan-01,51.52,52.57,50.40,51.52,6702400
10-Jan-01,50.52,51.64,50.09,51.27,9981400
9-Jan-01,53.07,54.31,52.07,52.32,7210800
8-Jan-01,52.57,54.37,52.45,53.50,8442100
5-Jan-01,56.66,56.66,52.82,53.50,9809200
4-Jan-01,56.54,57.71,55.42,55.73,13812300
3-Jan-01,53.07,58.27,52.51,57.96,19957100
2-Jan-01,52.69,54.61,52.26,53.44,8813600
29-Dec-00,52.26,54.55,52.26,52.69,6582300
28-Dec-00,52.07,53.56,52.07,52.51,4096300
27-Dec-00,50.28,53.00,49.78,52.14,8224300
26-Dec-00,51.83,52.07,48.60,50.21,6021000
22-Dec-00,51.33,52.32,50.46,52.07,7484200
21-Dec-00,49.10,51.83,48.91,51.33,9380200
20-Dec-00,47.61,49.35,46.56,48.54,8283200
19-Dec-00,50.15,50.77,47.18,47.55,9128500
18-Dec-00,50.03,50.71,48.73,50.09,6964800
15-Dec-00,49.04,50.40,49.04,49.41,13142700
14-Dec-00,49.84,50.83,49.47,50.58,7246200
13-Dec-00,51.45,52.26,49.59,49.84,6558500
12-Dec-00,50.03,51.64,49.35,51.39,8344800
11-Dec-00,53.12,53.31,50.34,50.89,11596100
8-Dec-00,54.55,54.86,53.25,53.93,6877000
7-Dec-00,54.55,55.41,54.05,54.48,7646200
6-Dec-00,54.11,55.35,52.81,54.30,10703100
5-Dec-00,53.31,54.79,52.75,54.73,10380600
4-Dec-00,50.46,53.31,49.90,53.31,13404100
1-Dec-00,52.13,52.26,50.21,50.71,10723700
30-Nov-00,51.02,51.70,49.90,51.70,11607100
29-Nov-00,48.79,51.39,48.73,51.39,9903000
28-Nov-00,48.29,50.40,47.61,48.54,9787100
27-Nov-00,46.50,49.35,46.44,48.85,10650400
24-Nov-00,45.51,45.75,44.27,44.76,3482500
22-Nov-00,46.75,46.87,45.45,45.45,4945900
21-Nov-00,47.67,48.05,46.06,46.68,4389000
20-Nov-00,48.17,48.17,47.12,47.43,4379100
17-Nov-00,48.05,49.10,47.18,48.11,6140200
16-Nov-00,48.29,48.73,47.67,47.80,5529700
15-Nov-00,46.19,48.91,45.94,48.54,8646200
14-Nov-00,46.81,47.98,46.31,46.44,8533200
13-Nov-00,42.60,45.01,42.16,44.89,10993000
10-Nov-00,44.58,44.58,42.78,43.28,14914600
9-Nov-00,47.61,47.67,45.75,46.68,8060800
8-Nov-00,48.54,50.40,48.17,48.29,7622900
7-Nov-00,48.54,49.53,47.55,48.48,7137500
6-Nov-00,47.86,48.91,46.62,48.54,7276500
3-Nov-00,47.98,48.66,46.37,46.93,8258500
2-Nov-00,45.57,49.53,45.07,47.98,20850500
1-Nov-00,46.06,47.61,45.69,46.25,23272200
31-Oct-00,43.77,45.38,43.59,44.95,14696600
30-Oct-00,42.97,43.53,42.72,43.34,13205600
27-Oct-00,43.03,43.71,42.84,42.84,12554800
26-Oct-00,45.45,45.51,42.97,43.03,14962100
25-Oct-00,47.98,47.98,45.20,45.51,8390700
24-Oct-00,47.12,48.05,46.81,47.92,5913800
23-Oct-00,46.13,47.36,45.14,46.87,6031300
20-Oct-00,46.44,46.87,45.63,46.13,7153200
19-Oct-00,46.13,47.49,45.69,47.36,6302900
18-Oct-00,45.51,46.56,44.45,46.31,6148400
17-Oct-00,47.12,47.49,45.26,45.57,6268900
16-Oct-00,44.83,47.24,44.76,46.87,7098300
13-Oct-00,43.22,44.70,43.22,44.58,9358200
12-Oct-00,41.61,44.27,41.05,43.71,19439900
11-Oct-00,45.69,45.94,44.45,44.89,8390900
10-Oct-00,45.51,46.25,44.95,45.94,6683200
9-Oct-00,45.26,46.00,44.70,44.70,6033800
6-Oct-00,45.45,45.45,44.21,45.07,11160500
5-Oct-00,45.94,46.31,45.32,45.63,8732500
4-Oct-00,45.26,47.43,45.07,45.69,11085200
3-Oct-00,45.75,45.94,43.71,45.38,16548400
2-Oct-00,47.74,48.17,45.01,45.82,11174600
29-Sep-00,48.05,49.04,47.55,47.67,7532900
28-Sep-00,47.98,49.41,47.55,48.11,8137800
27-Sep-00,47.18,47.92,46.68,47.67,7582800
26-Sep-00,48.97,48.97,46.44,46.93,9409100
25-Sep-00,50.15,50.21,48.48,48.54,5466000
22-Sep-00,51.45,51.45,49.10,50.03,6726300
21-Sep-00,48.23,50.89,48.17,49.53,8645500
20-Sep-00,49.47,49.53,47.61,48.05,9882700
19-Sep-00,50.15,50.40,48.79,49.41,8573700
18-Sep-00,50.52,52.19,50.15,50.65,5211600
15-Sep-00,51.82,52.44,50.96,51.51,8109100
14-Sep-00,53.12,53.12,51.39,52.01,4711600
13-Sep-00,53.74,53.93,52.50,53.37,4981600
12-Sep-00,53.00,54.05,52.38,53.43,6351100
11-Sep-00,52.20,54.18,52.14,53.81,9844600
8-Sep-00,50.96,52.07,50.47,51.58,7380600
7-Sep-00,50.65,51.52,49.97,50.47,8400600
6-Sep-00,49.72,50.59,49.35,49.48,8310400
5-Sep-00,48.43,49.66,48.30,49.23,8031000
1-Sep-00,47.06,48.61,46.88,48.24,7661500
31-Aug-00,47.81,48.24,46.63,47.13,12236200
30-Aug-00,48.36,48.49,47.50,47.93,8155500
29-Aug-00,48.98,49.41,48.36,48.92,5665100
28-Aug-00,49.54,50.10,48.12,48.98,7003200
25-Aug-00,49.11,49.97,48.73,49.97,4877100
24-Aug-00,49.23,49.60,48.49,48.92,4967300
23-Aug-00,49.23,49.66,48.55,48.61,6875700
22-Aug-00,48.49,49.48,48.05,48.61,7610900
21-Aug-00,48.73,49.23,46.63,48.49,14148700
18-Aug-00,49.17,50.34,49.04,50.34,7349300
17-Aug-00,49.04,49.91,48.12,49.48,6799800
16-Aug-00,50.22,50.34,48.24,49.41,13811000
15-Aug-00,51.33,52.01,50.71,51.02,7953000
14-Aug-00,51.70,52.51,51.58,52.32,6032800
11-Aug-00,50.90,51.83,50.59,51.58,7534100
10-Aug-00,52.57,52.69,50.16,50.47,12380600
9-Aug-00,53.50,54.18,52.38,53.06,17750700
8-Aug-00,55.85,57.02,54.49,57.02,5859800
7-Aug-00,52.57,55.35,52.45,54.55,5605200
4-Aug-00,53.50,53.50,52.20,52.38,5842400
3-Aug-00,55.91,55.91,52.88,53.31,8229100
2-Aug-00,53.93,54.49,53.25,53.50,6734800
1-Aug-00,53.43,54.36,52.45,53.93,9055300
31-Jul-00,58.26,58.26,53.68,54.67,7534300
28-Jul-00,59.19,59.31,56.65,58.07,5247600
27-Jul-00,58.75,59.68,58.38,59.43,4744800
26-Jul-00,57.58,59.50,57.58,58.13,7322100
25-Jul-00,56.90,58.69,56.71,58.57,4122000
24-Jul-00,58.38,58.57,56.59,56.84,5045800
21-Jul-00,59.68,59.87,58.63,59.06,3911000
20-Jul-00,59.31,60.18,58.94,59.37,4986800
19-Jul-00,59.56,59.87,58.75,59.37,3736400
18-Jul-00,60.30,60.49,59.12,59.43,3592100
17-Jul-00,59.68,60.61,59.00,60.08,4610700
14-Jul-00,59.19,60.30,58.75,58.88,4184100
13-Jul-00,59.87,60.55,58.51,58.51,4302600
12-Jul-00,61.41,61.54,59.99,60.36,5833600
11-Jul-00,60.42,62.09,60.18,61.35,5897600
10-Jul-00,60.73,62.28,60.05,60.61,8233700
7-Jul-00,57.33,61.41,56.71,60.92,10513400
6-Jul-00,57.33,57.83,56.22,56.90,5757800
5-Jul-00,56.71,57.33,55.97,56.40,5139800
3-Jul-00,56.65,56.77,55.54,56.28,2577300
30-Jun-00,53.56,57.13,53.50,57.02,7622200
29-Jun-00,54.73,54.80,53.00,53.56,5290900
28-Jun-00,55.91,56.59,55.10,55.40,4824100
27-Jun-00,53.56,56.84,53.19,56.22,6554400
26-Jun-00,53.62,54.12,53.19,53.19,3924700
23-Jun-00,53.13,53.87,52.32,53.19,6269600
22-Jun-00,52.51,52.88,51.33,51.95,5667800
21-Jun-00,53.99,53.99,52.82,53.37,4287300
20-Jun-00,53.68,54.12,52.57,53.93,6063800
19-Jun-00,53.13,54.42,52.26,53.81,6001700
16-Jun-00,54.18,55.54,52.69,53.31,9569700
15-Jun-00,54.49,55.60,54.24,54.92,5682300
14-Jun-00,54.36,55.10,53.56,54.55,6686800
13-Jun-00,51.46,54.36,51.03,54.36,7711700
12-Jun-00,53.38,53.75,51.21,52.14,8089200
9-Jun-00,56.77,57.33,53.31,53.38,7283100
8-Jun-00,57.14,57.33,55.66,56.22,3993100
7-Jun-00,57.08,58.38,57.08,57.21,3424600
6-Jun-00,58.13,58.13,57.08,57.58,4440100
5-Jun-00,58.63,59.06,58.07,58.63,4360400
2-Jun-00,58.20,59.37,57.39,58.38,7088100
1-Jun-00,56.47,57.02,55.60,56.34,4786400
31-May-00,54.24,59.31,53.87,56.96,7658900
30-May-00,52.45,53.50,52.08,52.76,4352700
26-May-00,53.62,54.36,52.51,53.38,3996400
25-May-00,55.17,56.03,53.44,54.36,4619200
24-May-00,54.61,56.34,52.14,56.22,10341500
23-May-00,56.90,57.70,56.16,56.53,4291000
22-May-00,57.02,57.02,55.54,56.71,4628100
19-May-00,55.48,58.07,55.48,56.40,6357700
18-May-00,55.60,57.27,55.54,57.27,4887900
17-May-00,56.03,56.09,54.80,55.72,4592300
16-May-00,56.77,58.38,56.53,57.33,6378700
15-May-00,55.60,56.65,54.86,56.34,4272300
12-May-00,55.11,56.53,54.67,56.16,4371000
11-May-00,56.28,56.40,54.36,55.35,6105300
10-May-00,52.82,56.47,52.39,56.03,11245300
9-May-00,53.75,54.24,51.89,52.39,8888200
8-May-00,50.66,51.77,48.93,51.77,7626100
5-May-00,49.61,52.26,49.61,50.72,8640000
4-May-00,53.31,53.31,49.85,50.41,10766900
